# unix_time, cycles_done, cur_path, paths_total, pending_total, pending_favs, map_size, unique_crashes, unique_hangs, max_depth, execs_per_sec
1592106616, 0, 0, 1, 1, 1, 0.06%, 0, 0, 1, 1000.00
1592106621, 10, 0, 2, 0, 0, 0.07%, 3, 0, 2, 1535.94
1592106626, 26, 1, 2, 0, 0, 0.07%, 3, 0, 2, 1650.57
1592106631, 42, 0, 2, 0, 0, 0.07%, 3, 0, 2, 1615.38
1592106637, 56, 1, 2, 0, 0, 0.07%, 3, 0, 2, 1599.34
1592106642, 72, 1, 2, 0, 0, 0.07%, 3, 0, 2, 1791.86
1592106647, 88, 1, 2, 0, 0, 0.07%, 3, 0, 2, 158.24
1592106652, 104, 0, 2, 0, 0, 0.07%, 3, 0, 2, 1677.62
1592106657, 120, 0, 2, 0, 0, 0.07%, 3, 0, 2, 1589.52
1592106663, 135, 1, 2, 0, 0, 0.07%, 3, 0, 2, 1582.53
1592106668, 151, 1, 2, 0, 0, 0.07%, 3, 0, 2, 1760.76
1592106673, 168, 0, 2, 0, 0, 0.07%, 3, 0, 2, 1695.52
1592106678, 183, 0, 2, 0, 0, 0.07%, 3, 0, 2, 1549.06
1592106684, 198, 1, 2, 0, 0, 0.07%, 3, 0, 2, 67.52
1592106689, 215, 1, 2, 0, 0, 0.07%, 3, 0, 2, 1678.83
1592106694, 231, 0, 2, 0, 0, 0.07%, 3, 0, 2, 1600.54
1592106699, 246, 0, 2, 0, 0, 0.07%, 3, 0, 2, 1569.62
1592106704, 262, 1, 2, 0, 0, 0.07%, 3, 0, 2, 1628.00
1592106709, 279, 0, 2, 0, 0, 0.07%, 3, 0, 2, 1649.32
1592106714, 294, 0, 2, 0, 0, 0.07%, 3, 0, 2, 1852.11
1592106719, 310, 0, 2, 0, 0, 0.07%, 3, 0, 2, 1672.40
1592106724, 326, 0, 2, 0, 0, 0.07%, 3, 0, 2, 1619.90
1592106730, 342, 0, 2, 0, 0, 0.07%, 3, 0, 2, 1665.01
1592106735, 357, 1, 2, 0, 0, 0.07%, 3, 0, 2, 1704.58
1592106740, 372, 0, 2, 0, 0, 0.07%, 3, 0, 2, 1517.18
1592106745, 388, 1, 2, 0, 0, 0.07%, 3, 0, 2, 1626.76
1592106750, 404, 0, 2, 0, 0, 0.07%, 3, 0, 2, 1571.99
1592106755, 419, 1, 2, 0, 0, 0.07%, 3, 0, 2, 1610.11
1592106760, 435, 1, 2, 0, 0, 0.07%, 3, 0, 2, 1612.83
1592106765, 451, 1, 2, 0, 0, 0.07%, 3, 0, 2, 1633.07
1592106770, 467, 0, 2, 0, 0, 0.07%, 3, 0, 2, 1600.04
1592106775, 483, 0, 2, 0, 0, 0.07%, 3, 0, 2, 1598.59
1592106780, 499, 0, 2, 0, 0, 0.07%, 3, 0, 2, 1636.82
1592106786, 514, 0, 2, 0, 0, 0.07%, 3, 0, 2, 1609.98
1592106791, 529, 1, 2, 0, 0, 0.07%, 3, 0, 2, 1583.73
1592106796, 545, 1, 2, 0, 0, 0.07%, 3, 0, 2, 1618.24
1592106801, 561, 1, 2, 0, 0, 0.07%, 3, 0, 2, 1638.27
1592106806, 576, 0, 2, 0, 0, 0.07%, 3, 0, 2, 1314.68
1592106811, 591, 1, 2, 0, 0, 0.07%, 3, 0, 2, 1509.05
1592106816, 608, 0, 2, 0, 0, 0.07%, 3, 0, 2, 1662.00
1592106821, 623, 0, 2, 0, 0, 0.07%, 3, 0, 2, 548.28
1592106826, 638, 0, 2, 0, 0, 0.07%, 3, 0, 2, 1322.90
1592106831, 654, 0, 2, 0, 0, 0.07%, 3, 0, 2, 1541.72
1592106837, 670, 1, 2, 0, 0, 0.07%, 3, 0, 2, 1619.91
1592106842, 685, 0, 2, 0, 0, 0.07%, 3, 0, 2, 1576.81
1592106847, 702, 0, 2, 0, 0, 0.07%, 3, 0, 2, 1607.76
1592106852, 717, 1, 2, 0, 0, 0.07%, 3, 0, 2, 1468.87
1592106857, 733, 0, 2, 0, 0, 0.07%, 3, 0, 2, 1564.95
1592106862, 748, 0, 2, 0, 0, 0.07%, 3, 0, 2, 1538.17
1592106867, 763, 0, 2, 0, 0, 0.07%, 3, 0, 2, 1643.78
1592106872, 779, 0, 2, 0, 0, 0.07%, 3, 0, 2, 1605.76
1592106877, 793, 1, 2, 0, 0, 0.07%, 3, 0, 2, 1767.75
1592106882, 810, 0, 2, 0, 0, 0.07%, 3, 0, 2, 1692.28
1592106888, 826, 0, 2, 0, 0, 0.07%, 3, 0, 2, 1628.43
1592106893, 842, 0, 2, 0, 0, 0.07%, 3, 0, 2, 1629.41
1592106898, 857, 0, 2, 0, 0, 0.07%, 3, 0, 2, 1484.99
1592106903, 871, 0, 2, 0, 0, 0.07%, 3, 0, 2, 1626.13
1592106908, 887, 0, 2, 0, 0, 0.07%, 3, 0, 2, 1574.99
1592106913, 901, 1, 2, 0, 0, 0.07%, 3, 0, 2, 1498.69
1592106918, 917, 1, 2, 0, 0, 0.07%, 3, 0, 2, 1612.78
1592106923, 933, 0, 2, 0, 0, 0.07%, 3, 0, 2, 1605.09
1592106928, 948, 0, 2, 0, 0, 0.07%, 3, 0, 2, 1579.61
1592106933, 963, 0, 2, 0, 0, 0.07%, 3, 0, 2, 1535.44
1592106939, 978, 1, 2, 0, 0, 0.07%, 3, 0, 2, 1553.45
1592106944, 995, 1, 2, 0, 0, 0.07%, 3, 0, 2, 1614.67
1592106949, 1009, 0, 2, 0, 0, 0.07%, 3, 0, 2, 1111.45
1592106954, 1026, 0, 2, 0, 0, 0.07%, 3, 0, 2, 1572.50
1592106959, 1041, 0, 2, 0, 0, 0.07%, 3, 0, 2, 1563.92
1592106964, 1057, 1, 2, 0, 0, 0.07%, 3, 0, 2, 1635.88
1592106969, 1071, 1, 2, 0, 0, 0.07%, 3, 0, 2, 1512.21
1592106974, 1087, 1, 2, 0, 0, 0.07%, 3, 0, 2, 1611.16
1592106979, 1104, 0, 2, 0, 0, 0.07%, 3, 0, 2, 1671.86
1592106985, 1117, 0, 2, 0, 0, 0.07%, 3, 0, 2, 1771.70
1592106990, 1134, 1, 2, 0, 0, 0.07%, 3, 0, 2, 1707.37
1592106995, 1149, 1, 2, 0, 0, 0.07%, 3, 0, 2, 1601.26
1592107000, 1165, 1, 2, 0, 0, 0.07%, 3, 0, 2, 1736.20
1592107005, 1180, 1, 2, 0, 0, 0.07%, 3, 0, 2, 1548.91
1592107010, 1197, 1, 2, 0, 0, 0.07%, 3, 0, 2, 1655.31
1592107015, 1213, 1, 2, 0, 0, 0.07%, 3, 0, 2, 1674.38
1592107021, 1228, 0, 2, 0, 0, 0.07%, 3, 0, 2, 1584.81
1592107026, 1244, 0, 2, 0, 0, 0.07%, 3, 0, 2, 1642.13
1592107031, 1258, 1, 2, 0, 0, 0.07%, 3, 0, 2, 1729.71
1592107036, 1273, 1, 2, 0, 0, 0.07%, 3, 0, 2, 1763.95
1592107041, 1289, 1, 2, 0, 0, 0.07%, 3, 0, 2, 152.07
1592107046, 1306, 0, 2, 0, 0, 0.07%, 3, 0, 2, 1707.92
1592107051, 1322, 0, 2, 0, 0, 0.07%, 3, 0, 2, 1662.83
1592107056, 1336, 0, 2, 0, 0, 0.07%, 3, 0, 2, 1124.13
1592107061, 1349, 1, 2, 0, 0, 0.07%, 3, 0, 2, 1558.37
1592107066, 1364, 1, 2, 0, 0, 0.07%, 3, 0, 2, 1655.95
1592107071, 1381, 1, 2, 0, 0, 0.07%, 3, 0, 2, 1663.83
1592107076, 1398, 0, 2, 0, 0, 0.07%, 3, 0, 2, 1654.19
1592107082, 1414, 0, 2, 0, 0, 0.07%, 3, 0, 2, 1676.64
1592107087, 1431, 0, 2, 0, 0, 0.07%, 3, 0, 2, 1670.12
1592107092, 1442, 0, 2, 0, 0, 0.07%, 3, 0, 2, 1679.28
1592107100, 1445, 1, 2, 0, 0, 0.07%, 3, 0, 2, 4.48
1592107105, 1462, 0, 2, 0, 0, 0.07%, 3, 0, 2, 1582.56
1592107110, 1478, 0, 2, 0, 0, 0.07%, 3, 0, 2, 1591.27
1592107116, 1495, 0, 2, 0, 0, 0.07%, 3, 0, 2, 1652.39
1592107121, 1508, 0, 2, 0, 0, 0.07%, 3, 0, 2, 183.39
1592107126, 1523, 1, 2, 0, 0, 0.07%, 3, 0, 2, 1587.17
1592107131, 1539, 0, 2, 0, 0, 0.07%, 3, 0, 2, 226.54
1592107136, 1555, 0, 2, 0, 0, 0.07%, 3, 0, 2, 1631.54
1592107141, 1571, 1, 2, 0, 0, 0.07%, 3, 0, 2, 1646.46
1592107146, 1586, 1, 2, 0, 0, 0.07%, 3, 0, 2, 966.05
1592107151, 1600, 1, 2, 0, 0, 0.07%, 3, 0, 2, 108.48
1592107157, 1614, 1, 2, 0, 0, 0.07%, 3, 0, 2, 1357.26
1592107162, 1630, 0, 2, 0, 0, 0.07%, 3, 0, 2, 1560.70
1592107167, 1645, 0, 2, 0, 0, 0.07%, 3, 0, 2, 1705.36
1592107175, 1650, 1, 2, 0, 0, 0.07%, 3, 0, 2, 4.87
1592107180, 1667, 0, 2, 0, 0, 0.07%, 3, 0, 2, 1645.96
1592107185, 1680, 0, 2, 0, 0, 0.07%, 3, 0, 2, 1737.92
1592107190, 1696, 0, 2, 0, 0, 0.07%, 3, 0, 2, 1675.79
1592107196, 1712, 1, 2, 0, 0, 0.07%, 3, 0, 2, 1649.72
1592107206, 1721, 0, 2, 0, 0, 0.07%, 3, 0, 2, 3.94
1592107212, 1737, 1, 2, 0, 0, 0.07%, 3, 0, 2, 1642.84
1592107217, 1753, 0, 2, 0, 0, 0.07%, 4, 0, 2, 1643.58
1592107222, 1765, 0, 2, 0, 0, 0.07%, 4, 0, 2, 1571.19
1592107227, 1779, 0, 2, 0, 0, 0.07%, 4, 0, 2, 1528.17
1592107232, 1794, 1, 2, 0, 0, 0.07%, 4, 0, 2, 1548.95
1592107237, 1810, 1, 2, 0, 0, 0.07%, 4, 0, 2, 1572.86
1592107242, 1824, 1, 2, 0, 0, 0.07%, 4, 0, 2, 1503.81
1592107247, 1839, 0, 2, 0, 0, 0.07%, 4, 0, 2, 1482.88
1592107252, 1852, 1, 2, 0, 0, 0.07%, 4, 0, 2, 1500.31
1592107257, 1865, 1, 2, 0, 0, 0.07%, 4, 0, 2, 1488.92
1592107262, 1879, 0, 2, 0, 0, 0.07%, 4, 0, 2, 1482.22
1592107267, 1894, 0, 2, 0, 0, 0.07%, 4, 0, 2, 1495.06
1592107272, 1908, 0, 2, 0, 0, 0.07%, 4, 0, 2, 1478.10
1592107278, 1922, 1, 2, 0, 0, 0.07%, 4, 0, 2, 1464.81
1592107283, 1938, 0, 2, 0, 0, 0.07%, 4, 0, 2, 1557.15
1592107288, 1952, 1, 2, 0, 0, 0.07%, 4, 0, 2, 1530.67
1592107293, 1965, 0, 2, 0, 0, 0.07%, 4, 0, 2, 1549.03
1592107298, 1979, 1, 2, 0, 0, 0.07%, 4, 0, 2, 1511.42
1592107303, 1990, 0, 2, 0, 0, 0.07%, 4, 0, 2, 1609.67
1592107308, 2005, 1, 2, 0, 0, 0.07%, 4, 0, 2, 1560.65
1592107313, 2021, 0, 2, 0, 0, 0.07%, 4, 0, 2, 1541.57
1592107318, 2035, 1, 2, 0, 0, 0.07%, 4, 0, 2, 1523.74
1592107323, 2050, 0, 2, 0, 0, 0.07%, 4, 0, 2, 1453.25
1592107329, 2062, 1, 2, 0, 0, 0.07%, 4, 0, 2, 1510.10
1592107334, 2076, 1, 2, 0, 0, 0.07%, 4, 0, 2, 1523.47
1592107339, 2091, 1, 2, 0, 0, 0.07%, 4, 0, 2, 1496.47
1592107344, 2106, 0, 2, 0, 0, 0.07%, 4, 0, 2, 259.74
1592107349, 2120, 1, 2, 0, 0, 0.07%, 4, 0, 2, 1477.74
1592107354, 2135, 1, 2, 0, 0, 0.07%, 4, 0, 2, 1531.01
1592107359, 2150, 0, 2, 0, 0, 0.07%, 4, 0, 2, 1505.75
1592107364, 2161, 0, 2, 0, 0, 0.07%, 4, 0, 2, 1672.98
1592107369, 2176, 1, 2, 0, 0, 0.07%, 4, 0, 2, 1569.29
1592107374, 2192, 0, 2, 0, 0, 0.07%, 4, 0, 2, 1508.06
1592107379, 2206, 0, 2, 0, 0, 0.07%, 4, 0, 2, 1467.52
1592107385, 2221, 0, 2, 0, 0, 0.07%, 4, 0, 2, 1515.79
1592107390, 2235, 1, 2, 0, 0, 0.07%, 4, 0, 2, 1133.56
1592107395, 2246, 0, 2, 0, 0, 0.07%, 4, 0, 2, 1280.05
1592107400, 2261, 1, 2, 0, 0, 0.07%, 4, 0, 2, 1504.19
1592107405, 2277, 0, 2, 0, 0, 0.07%, 4, 0, 2, 1522.10
1592107410, 2291, 1, 2, 0, 0, 0.07%, 4, 0, 2, 1487.48
1592107415, 2306, 1, 2, 0, 0, 0.07%, 4, 0, 2, 1487.73
1592107420, 2320, 1, 2, 0, 0, 0.07%, 4, 0, 2, 1565.18
1592107425, 2333, 0, 2, 0, 0, 0.07%, 4, 0, 2, 1275.14
1592107430, 2348, 0, 2, 0, 0, 0.07%, 4, 0, 2, 1487.19
1592107436, 2363, 0, 2, 0, 0, 0.07%, 4, 0, 2, 1526.24
1592107441, 2377, 1, 2, 0, 0, 0.07%, 4, 0, 2, 1477.37
1592107446, 2393, 0, 2, 0, 0, 0.07%, 4, 0, 2, 1542.67
1592107451, 2408, 0, 2, 0, 0, 0.07%, 4, 0, 2, 1532.84
1592107456, 2422, 0, 2, 0, 0, 0.07%, 4, 0, 2, 1477.41
1592107461, 2434, 1, 2, 0, 0, 0.07%, 4, 0, 2, 1410.56
1592107466, 2450, 0, 2, 0, 0, 0.07%, 4, 0, 2, 1517.80
1592107471, 2464, 1, 2, 0, 0, 0.07%, 4, 0, 2, 1488.77
1592107476, 2479, 0, 2, 0, 0, 0.07%, 4, 0, 2, 1477.87
1592107481, 2495, 0, 2, 0, 0, 0.07%, 4, 0, 2, 1536.03
1592107487, 2510, 0, 2, 0, 0, 0.07%, 4, 0, 2, 1498.32
1592107492, 2524, 0, 2, 0, 0, 0.07%, 4, 0, 2, 1499.25
1592107497, 2533, 1, 2, 0, 0, 0.07%, 4, 0, 2, 1651.74
1592107502, 2548, 0, 2, 0, 0, 0.07%, 5, 0, 2, 1481.98
1592107507, 2562, 0, 2, 0, 0, 0.07%, 5, 0, 2, 1458.44
1592107512, 2576, 1, 2, 0, 0, 0.07%, 5, 0, 2, 1415.09
1592107517, 2592, 0, 2, 0, 0, 0.07%, 5, 0, 2, 1511.68
1592107522, 2607, 0, 2, 0, 0, 0.07%, 5, 0, 2, 1506.61
1592107527, 2621, 1, 2, 0, 0, 0.07%, 5, 0, 2, 1472.51
1592107539, 2630, 1, 2, 0, 0, 0.07%, 5, 0, 2, 1.67
1592107544, 2646, 0, 2, 0, 0, 0.07%, 5, 0, 2, 1556.83
1592107549, 2661, 0, 2, 0, 0, 0.07%, 5, 0, 2, 1503.49
1592107555, 2675, 1, 2, 0, 0, 0.07%, 5, 0, 2, 1480.86
1592107560, 2691, 0, 2, 0, 0, 0.07%, 5, 0, 2, 1500.17
1592107565, 2704, 1, 2, 0, 0, 0.07%, 5, 0, 2, 1440.77
1592107570, 2718, 1, 2, 0, 0, 0.07%, 5, 0, 2, 1482.95
1592107575, 2730, 1, 2, 0, 0, 0.07%, 5, 0, 2, 1381.01
1592107580, 2746, 0, 2, 0, 0, 0.07%, 5, 0, 2, 1514.30
1592107585, 2761, 0, 2, 0, 0, 0.07%, 5, 0, 2, 1493.24
1592107590, 2776, 1, 2, 0, 0, 0.07%, 5, 0, 2, 1567.13
1592107595, 2791, 0, 2, 0, 0, 0.07%, 5, 0, 2, 1461.06
1592107601, 2804, 1, 2, 0, 0, 0.07%, 5, 0, 2, 814.37
1592107606, 2819, 0, 2, 0, 0, 0.07%, 5, 0, 2, 1566.27
1592107611, 2831, 1, 2, 0, 0, 0.07%, 5, 0, 2, 957.22
1592107616, 2846, 1, 2, 0, 0, 0.07%, 5, 0, 2, 1429.76
1592107621, 2861, 1, 2, 0, 0, 0.07%, 5, 0, 2, 1464.34
1592107626, 2877, 0, 2, 0, 0, 0.07%, 5, 0, 2, 1530.39
1592107636, 2886, 0, 2, 0, 0, 0.07%, 5, 0, 2, 0.69
1592107641, 2901, 0, 2, 0, 0, 0.07%, 5, 0, 2, 1686.60
1592107646, 2913, 1, 2, 0, 0, 0.07%, 5, 0, 2, 1253.65
1592107651, 2927, 1, 2, 0, 0, 0.07%, 5, 0, 2, 1528.78
1592107656, 2942, 1, 2, 0, 0, 0.07%, 5, 0, 2, 1543.22
1592107661, 2956, 1, 2, 0, 0, 0.07%, 5, 0, 2, 1460.51
1592107666, 2971, 0, 2, 0, 0, 0.07%, 5, 0, 2, 1506.04
1592107671, 2985, 1, 2, 0, 0, 0.07%, 5, 0, 2, 1457.46
1592107676, 2999, 1, 2, 0, 0, 0.07%, 5, 0, 2, 1242.34
1592107682, 3013, 0, 2, 0, 0, 0.07%, 5, 0, 2, 1382.22
1592107687, 3028, 0, 2, 0, 0, 0.07%, 5, 0, 2, 1455.54
1592107692, 3043, 1, 2, 0, 0, 0.07%, 5, 0, 2, 1496.24
1592107697, 3057, 1, 2, 0, 0, 0.07%, 5, 0, 2, 1266.04
1592107702, 3072, 1, 2, 0, 0, 0.07%, 5, 0, 2, 1437.84
1592107707, 3086, 1, 2, 0, 0, 0.07%, 5, 0, 2, 1120.69
1592107712, 3100, 1, 2, 0, 0, 0.07%, 5, 0, 2, 1579.39
1592107718, 3112, 1, 2, 0, 0, 0.07%, 5, 0, 2, 1609.70
1592107723, 3127, 0, 2, 0, 0, 0.07%, 5, 0, 2, 1493.77
1592107728, 3142, 0, 2, 0, 0, 0.07%, 5, 0, 2, 698.48
1592107733, 3157, 0, 2, 0, 0, 0.07%, 5, 0, 2, 1315.35
1592107738, 3171, 0, 2, 0, 0, 0.07%, 5, 0, 2, 1390.84
1592107743, 3184, 1, 2, 0, 0, 0.07%, 5, 0, 2, 1405.79
1592107748, 3199, 1, 2, 0, 0, 0.07%, 5, 0, 2, 1485.22
1592107753, 3211, 1, 2, 0, 0, 0.07%, 5, 0, 2, 833.88
1592107759, 3225, 1, 2, 0, 0, 0.07%, 5, 0, 2, 1274.33
1592107764, 3240, 1, 2, 0, 0, 0.07%, 5, 0, 2, 1504.32
1592107769, 3254, 0, 2, 0, 0, 0.07%, 5, 0, 2, 1455.24
1592107774, 3268, 0, 2, 0, 0, 0.07%, 5, 0, 2, 1302.95
1592107779, 3283, 0, 2, 0, 0, 0.07%, 5, 0, 2, 1468.83
1592107784, 3298, 1, 2, 0, 0, 0.07%, 5, 0, 2, 1507.14
1592107789, 3310, 1, 2, 0, 0, 0.07%, 5, 0, 2, 852.53
1592107794, 3325, 0, 2, 0, 0, 0.07%, 5, 0, 2, 1323.25
1592107799, 3339, 0, 2, 0, 0, 0.07%, 5, 0, 2, 1403.37
1592107804, 3354, 0, 2, 0, 0, 0.07%, 5, 0, 2, 1255.39
1592107809, 3368, 1, 2, 0, 0, 0.07%, 5, 0, 2, 1560.62
1592107815, 3383, 1, 2, 0, 0, 0.07%, 5, 0, 2, 1544.25
1592107820, 3398, 1, 2, 0, 0, 0.07%, 5, 0, 2, 1516.69
1592107825, 3410, 1, 2, 0, 0, 0.07%, 5, 0, 2, 1408.42
1592107830, 3424, 1, 2, 0, 0, 0.07%, 5, 0, 2, 1458.06
1592107835, 3438, 1, 2, 0, 0, 0.07%, 5, 0, 2, 1393.01
1592107840, 3453, 1, 2, 0, 0, 0.07%, 5, 0, 2, 1502.44
1592107850, 3460, 0, 2, 0, 0, 0.07%, 5, 0, 2, 3.56
1592107855, 3473, 0, 2, 0, 0, 0.07%, 5, 0, 2, 1550.40
1592107860, 3487, 1, 2, 0, 0, 0.07%, 5, 0, 2, 1513.28
1592107865, 3501, 1, 2, 0, 0, 0.07%, 5, 0, 2, 1129.30
1592107870, 3516, 1, 2, 0, 0, 0.07%, 5, 0, 2, 1446.98
1592107875, 3531, 0, 2, 0, 0, 0.07%, 5, 0, 2, 1399.94
1592107880, 3546, 0, 2, 0, 0, 0.07%, 5, 0, 2, 1523.82
1592107885, 3561, 0, 2, 0, 0, 0.07%, 5, 0, 2, 1464.05
1592107890, 3573, 0, 2, 0, 0, 0.07%, 5, 0, 2, 1387.62
1592107896, 3586, 1, 2, 0, 0, 0.07%, 5, 0, 2, 298.96
1592107901, 3601, 0, 2, 0, 0, 0.07%, 5, 0, 2, 1501.85
1592107906, 3616, 1, 2, 0, 0, 0.07%, 5, 0, 2, 1498.20
1592107911, 3631, 1, 2, 0, 0, 0.07%, 5, 0, 2, 1508.71
1592107916, 3646, 1, 2, 0, 0, 0.07%, 5, 0, 2, 1496.78
1592107921, 3661, 1, 2, 0, 0, 0.07%, 5, 0, 2, 1463.03
1592107926, 3673, 0, 2, 0, 0, 0.07%, 5, 0, 2, 23.66
1592107931, 3686, 0, 2, 0, 0, 0.07%, 5, 0, 2, 1254.11
1592107937, 3701, 0, 2, 0, 0, 0.07%, 5, 0, 2, 1479.34
1592107942, 3716, 0, 2, 0, 0, 0.07%, 5, 0, 2, 1519.50
1592107947, 3731, 0, 2, 0, 0, 0.07%, 5, 0, 2, 1526.83
1592107952, 3746, 0, 2, 0, 0, 0.07%, 5, 0, 2, 1504.86
1592107957, 3760, 1, 2, 0, 0, 0.07%, 5, 0, 2, 1485.66
1592107962, 3773, 0, 2, 0, 0, 0.07%, 5, 0, 2, 125.87
1592107968, 3782, 0, 2, 0, 0, 0.07%, 5, 0, 2, 18.35
1592107973, 3797, 1, 2, 0, 0, 0.07%, 5, 0, 2, 1567.34
1592107978, 3812, 1, 2, 0, 0, 0.07%, 5, 0, 2, 1546.55
1592107983, 3827, 1, 2, 0, 0, 0.07%, 5, 0, 2, 1540.68
1592107988, 3842, 1, 2, 0, 0, 0.07%, 5, 0, 2, 1555.12
1592107994, 3855, 0, 2, 0, 0, 0.07%, 5, 0, 2, 85.47
1592107999, 3869, 0, 2, 0, 0, 0.07%, 5, 0, 2, 1533.61
1592108004, 3884, 0, 2, 0, 0, 0.07%, 5, 0, 2, 1507.65
1592108009, 3898, 1, 2, 0, 0, 0.07%, 5, 0, 2, 1499.56
1592108014, 3914, 0, 2, 0, 0, 0.07%, 5, 0, 2, 1537.71
1592108020, 3928, 1, 2, 0, 0, 0.07%, 5, 0, 2, 1452.91
1592108025, 3943, 1, 2, 0, 0, 0.07%, 5, 0, 2, 1445.77
1592108030, 3956, 1, 2, 0, 0, 0.07%, 5, 0, 2, 187.40
1592108035, 3970, 1, 2, 0, 0, 0.07%, 5, 0, 2, 1515.67
1592108040, 3985, 1, 2, 0, 0, 0.07%, 5, 0, 2, 1541.49
1592108045, 4000, 0, 2, 0, 0, 0.07%, 5, 0, 2, 1488.63
1592108050, 4016, 0, 2, 0, 0, 0.07%, 5, 0, 2, 1537.76
1592108056, 4030, 0, 2, 0, 0, 0.07%, 5, 0, 2, 1384.81
1592108061, 4042, 1, 2, 0, 0, 0.07%, 5, 0, 2, 185.64
1592108066, 4057, 1, 2, 0, 0, 0.07%, 5, 0, 2, 1518.74
1592108071, 4072, 0, 2, 0, 0, 0.07%, 5, 0, 2, 1484.32
1592108076, 4087, 1, 2, 0, 0, 0.07%, 5, 0, 2, 1541.88
1592108081, 4102, 0, 2, 0, 0, 0.07%, 5, 0, 2, 1530.70
1592108087, 4111, 0, 2, 0, 0, 0.07%, 5, 0, 2, 1032.31
1592108092, 4125, 0, 2, 0, 0, 0.07%, 5, 0, 2, 1339.85
1592108097, 4138, 1, 2, 0, 0, 0.07%, 5, 0, 2, 298.23
1592108102, 4152, 0, 2, 0, 0, 0.07%, 5, 0, 2, 1223.51
1592108107, 4167, 1, 2, 0, 0, 0.07%, 5, 0, 2, 1466.90
1592108112, 4181, 1, 2, 0, 0, 0.07%, 5, 0, 2, 1452.84
1592108117, 4195, 1, 2, 0, 0, 0.07%, 5, 0, 2, 239.86
1592108122, 4209, 1, 2, 0, 0, 0.07%, 5, 0, 2, 912.28
1592108127, 4224, 1, 2, 0, 0, 0.07%, 5, 0, 2, 1398.89
1592108132, 4238, 0, 2, 0, 0, 0.07%, 5, 0, 2, 80.56
1592108137, 4251, 1, 2, 0, 0, 0.07%, 5, 0, 2, 1490.99
1592108143, 4267, 1, 2, 0, 0, 0.07%, 5, 0, 2, 1567.74
1592108148, 4281, 0, 2, 0, 0, 0.07%, 5, 0, 2, 1425.33
1592108153, 4295, 0, 2, 0, 0, 0.07%, 5, 0, 2, 119.28
1592108158, 4309, 0, 2, 0, 0, 0.07%, 5, 0, 2, 1303.39
1592108163, 4323, 0, 2, 0, 0, 0.07%, 5, 0, 2, 1424.96
1592108168, 4337, 1, 2, 0, 0, 0.07%, 5, 0, 2, 1535.48
1592108174, 4352, 1, 2, 0, 0, 0.07%, 5, 0, 2, 1522.81
1592108179, 4365, 1, 2, 0, 0, 0.07%, 5, 0, 2, 1445.18
1592108184, 4380, 1, 2, 0, 0, 0.07%, 5, 0, 2, 1445.68
1592108189, 4396, 1, 2, 0, 0, 0.07%, 5, 0, 2, 1545.93
1592108194, 4411, 0, 2, 0, 0, 0.07%, 5, 0, 2, 1505.10
1592108199, 4423, 1, 2, 0, 0, 0.07%, 5, 0, 2, 9.76
1592108204, 4438, 0, 2, 0, 0, 0.07%, 5, 0, 2, 1442.19
1592108209, 4451, 1, 2, 0, 0, 0.07%, 5, 0, 2, 1340.00
1592108214, 4465, 0, 2, 0, 0, 0.07%, 5, 0, 2, 1386.34
1592108219, 4479, 1, 2, 0, 0, 0.07%, 5, 0, 2, 1460.59
1592108224, 4494, 1, 2, 0, 0, 0.07%, 5, 0, 2, 1500.25
1592108230, 4507, 1, 2, 0, 0, 0.07%, 5, 0, 2, 168.38
1592108235, 4522, 0, 2, 0, 0, 0.07%, 5, 0, 2, 1487.68
1592108240, 4536, 1, 2, 0, 0, 0.07%, 5, 0, 2, 1580.00
1592108245, 4551, 1, 2, 0, 0, 0.07%, 5, 0, 2, 1579.25
1592108250, 4566, 1, 2, 0, 0, 0.07%, 5, 0, 2, 1554.32
1592108255, 4581, 0, 2, 0, 0, 0.07%, 5, 0, 2, 1501.18
1592108260, 4594, 0, 2, 0, 0, 0.07%, 5, 0, 2, 1640.00
1592108265, 4610, 0, 2, 0, 0, 0.07%, 5, 0, 2, 1583.32
1592108270, 4624, 0, 2, 0, 0, 0.07%, 5, 0, 2, 1499.35
1592108276, 4638, 1, 2, 0, 0, 0.07%, 5, 0, 2, 1493.62
1592108281, 4653, 1, 2, 0, 0, 0.07%, 5, 0, 2, 1521.00
1592108286, 4668, 1, 2, 0, 0, 0.07%, 5, 0, 2, 1502.21
1592108291, 4682, 0, 2, 0, 0, 0.07%, 5, 0, 2, 1539.38
1592108296, 4696, 0, 2, 0, 0, 0.07%, 5, 0, 2, 1477.26
1592108301, 4710, 1, 2, 0, 0, 0.07%, 5, 0, 2, 1651.72
1592108306, 4724, 0, 2, 0, 0, 0.07%, 5, 0, 2, 1615.00
1592108311, 4739, 1, 2, 0, 0, 0.07%, 5, 0, 2, 1545.76
1592108316, 4754, 1, 2, 0, 0, 0.07%, 5, 0, 2, 1546.71
1592108321, 4769, 1, 2, 0, 0, 0.07%, 5, 0, 2, 1520.58
1592108326, 4783, 0, 2, 0, 0, 0.07%, 5, 0, 2, 1461.56
1592108332, 4797, 0, 2, 0, 0, 0.07%, 5, 0, 2, 1480.01
1592108337, 4812, 0, 2, 0, 0, 0.07%, 5, 0, 2, 1490.42
1592108342, 4825, 1, 2, 0, 0, 0.07%, 5, 0, 2, 1650.00
1592108347, 4841, 0, 2, 0, 0, 0.07%, 5, 0, 2, 1571.44
1592108352, 4855, 1, 2, 0, 0, 0.07%, 5, 0, 2, 1444.07
1592108357, 4869, 1, 2, 0, 0, 0.07%, 5, 0, 2, 1340.57
1592108362, 4883, 1, 2, 0, 0, 0.07%, 5, 0, 2, 1620.64
1592108367, 4898, 0, 2, 0, 0, 0.07%, 5, 0, 2, 1505.04
1592108372, 4914, 0, 2, 0, 0, 0.07%, 5, 0, 2, 1543.81
1592108377, 4926, 1, 2, 0, 0, 0.07%, 5, 0, 2, 738.55
1592108383, 4942, 1, 2, 0, 0, 0.07%, 5, 0, 2, 1380.20
1592108388, 4952, 0, 2, 0, 0, 0.07%, 5, 0, 2, 1443.53
1592108393, 4967, 0, 2, 0, 0, 0.07%, 5, 0, 2, 1511.51
1592108398, 4982, 0, 2, 0, 0, 0.07%, 5, 0, 2, 1456.96
1592108403, 4996, 0, 2, 0, 0, 0.07%, 5, 0, 2, 1462.11
1592108408, 5011, 0, 2, 0, 0, 0.07%, 5, 0, 2, 1507.27
1592108413, 5023, 1, 2, 0, 0, 0.07%, 5, 0, 2, 1526.99
1592108418, 5039, 0, 2, 0, 0, 0.07%, 5, 0, 2, 1556.76
1592108423, 5053, 0, 2, 0, 0, 0.07%, 5, 0, 2, 1460.32
1592108428, 5068, 1, 2, 0, 0, 0.07%, 5, 0, 2, 1533.37
1592108438, 5075, 0, 2, 0, 0, 0.07%, 5, 0, 2, 3.72
1592108443, 5090, 0, 2, 0, 0, 0.07%, 5, 0, 2, 1352.16
1592108448, 5103, 0, 2, 0, 0, 0.07%, 5, 0, 2, 34.44
1592108453, 5118, 0, 2, 0, 0, 0.07%, 5, 0, 2, 1462.53
1592108459, 5133, 0, 2, 0, 0, 0.07%, 5, 0, 2, 1568.47
1592108464, 5147, 1, 2, 0, 0, 0.07%, 5, 0, 2, 1500.51
1592108469, 5160, 0, 2, 0, 0, 0.07%, 5, 0, 2, 31.55
1592108474, 5174, 1, 2, 0, 0, 0.07%, 5, 0, 2, 1339.86
1592108479, 5188, 1, 2, 0, 0, 0.07%, 5, 0, 2, 1398.27
1592108484, 5203, 1, 2, 0, 0, 0.07%, 5, 0, 2, 1473.10
1592108489, 5217, 0, 2, 0, 0, 0.07%, 5, 0, 2, 1418.23
1592108494, 5231, 1, 2, 0, 0, 0.07%, 5, 0, 2, 1430.95
1592108499, 5246, 1, 2, 0, 0, 0.07%, 5, 0, 2, 1501.65
1592108505, 5259, 1, 2, 0, 0, 0.07%, 5, 0, 2, 264.32
1592108510, 5273, 1, 2, 0, 0, 0.07%, 5, 0, 2, 250.00
1592108515, 5288, 1, 2, 0, 0, 0.07%, 5, 0, 2, 1512.43
1592108521, 5302, 1, 2, 0, 0, 0.07%, 5, 0, 2, 1443.70
1592108526, 5317, 1, 2, 0, 0, 0.07%, 5, 0, 2, 1487.25
1592108531, 5332, 1, 2, 0, 0, 0.07%, 5, 0, 2, 1515.11
1592108536, 5346, 0, 2, 0, 0, 0.07%, 5, 0, 2, 1402.01
1592108541, 5359, 0, 2, 0, 0, 0.07%, 5, 0, 2, 216.45
1592108546, 5374, 0, 2, 0, 0, 0.07%, 5, 0, 2, 1522.47
1592108552, 5388, 0, 2, 0, 0, 0.07%, 5, 0, 2, 1134.33
1592108557, 5402, 1, 2, 0, 0, 0.07%, 5, 0, 2, 1404.66
1592108562, 5417, 1, 2, 0, 0, 0.07%, 5, 0, 2, 1525.08
1592108567, 5430, 1, 2, 0, 0, 0.07%, 5, 0, 2, 91.65
1592108572, 5446, 0, 2, 0, 0, 0.07%, 5, 0, 2, 1523.78
1592108577, 5460, 0, 2, 0, 0, 0.07%, 5, 0, 2, 584.30
1592108582, 5474, 0, 2, 0, 0, 0.07%, 5, 0, 2, 1545.49
1592108587, 5489, 1, 2, 0, 0, 0.07%, 5, 0, 2, 1525.22
1592108592, 5504, 1, 2, 0, 0, 0.07%, 5, 0, 2, 1547.81
1592108598, 5517, 1, 2, 0, 0, 0.07%, 5, 0, 2, 1419.04
1592108603, 5532, 1, 2, 0, 0, 0.07%, 5, 0, 2, 1508.53
1592108608, 5545, 1, 2, 0, 0, 0.07%, 5, 0, 2, 31.19
1592108613, 5559, 1, 2, 0, 0, 0.07%, 5, 0, 2, 1485.33
1592108618, 5574, 1, 2, 0, 0, 0.07%, 5, 0, 2, 1470.47
1592108623, 5589, 0, 2, 0, 0, 0.07%, 5, 0, 2, 1480.50
1592108628, 5603, 1, 2, 0, 0, 0.07%, 5, 0, 2, 1441.82
1592108633, 5617, 1, 2, 0, 0, 0.07%, 5, 0, 2, 1468.08
1592108639, 5632, 0, 2, 0, 0, 0.07%, 5, 0, 2, 140.27
1592108644, 5645, 1, 2, 0, 0, 0.07%, 5, 0, 2, 1422.77
1592108649, 5657, 0, 2, 0, 0, 0.07%, 5, 0, 2, 1598.25
1592108654, 5672, 1, 2, 0, 0, 0.07%, 5, 0, 2, 1554.93
1592108659, 5686, 0, 2, 0, 0, 0.07%, 5, 0, 2, 1416.01
1592108664, 5700, 1, 2, 0, 0, 0.07%, 5, 0, 2, 1484.14
1592108669, 5713, 1, 2, 0, 0, 0.07%, 5, 0, 2, 1470.87
1592108674, 5728, 0, 2, 0, 0, 0.07%, 5, 0, 2, 977.38
1592108679, 5742, 1, 2, 0, 0, 0.07%, 5, 0, 2, 1362.02
1592108685, 5758, 0, 2, 0, 0, 0.07%, 5, 0, 2, 1522.50
1592108690, 5773, 0, 2, 0, 0, 0.07%, 5, 0, 2, 1505.50
1592108695, 5785, 0, 2, 0, 0, 0.07%, 5, 0, 2, 25.64
1592108700, 5800, 0, 2, 0, 0, 0.07%, 5, 0, 2, 273.89
1592108705, 5813, 1, 2, 0, 0, 0.07%, 5, 0, 2, 1509.47
1592108710, 5828, 0, 2, 0, 0, 0.07%, 5, 0, 2, 1493.05
1592108716, 5842, 1, 2, 0, 0, 0.07%, 5, 0, 2, 103.09
1592108721, 5857, 0, 2, 0, 0, 0.07%, 5, 0, 2, 1440.10
1592108726, 5870, 0, 2, 0, 0, 0.07%, 5, 0, 2, 197.67
1592108731, 5883, 1, 2, 0, 0, 0.07%, 5, 0, 2, 160.07
1592108736, 5897, 0, 2, 0, 0, 0.07%, 5, 0, 2, 1438.98
1592108741, 5912, 0, 2, 0, 0, 0.07%, 5, 0, 2, 1498.75
1592108746, 5927, 1, 2, 0, 0, 0.07%, 5, 0, 2, 1522.45
1592108751, 5942, 0, 2, 0, 0, 0.07%, 5, 0, 2, 1453.54
1592108757, 5955, 0, 2, 0, 0, 0.07%, 5, 0, 2, 200.66
1592108762, 5967, 1, 2, 0, 0, 0.07%, 5, 0, 2, 1346.69
1592108767, 5981, 0, 2, 0, 0, 0.07%, 5, 0, 2, 1366.11
1592108772, 5996, 1, 2, 0, 0, 0.07%, 5, 0, 2, 1481.60
1592108777, 6011, 0, 2, 0, 0, 0.07%, 5, 0, 2, 1456.43
1592108782, 6025, 0, 2, 0, 0, 0.07%, 5, 0, 2, 1518.20
1592108787, 6038, 1, 2, 0, 0, 0.07%, 5, 0, 2, 217.43
1592108792, 6053, 1, 2, 0, 0, 0.07%, 5, 0, 2, 1502.12
1592108797, 6066, 1, 2, 0, 0, 0.07%, 5, 0, 2, 36.13
1592108802, 6081, 0, 2, 0, 0, 0.07%, 5, 0, 2, 1531.54
1592108808, 6095, 1, 2, 0, 0, 0.07%, 5, 0, 2, 1498.77
1592108813, 6111, 1, 2, 0, 0, 0.07%, 5, 0, 2, 1545.32
1592108818, 6124, 1, 2, 0, 0, 0.07%, 5, 0, 2, 165.46
1592108823, 6140, 0, 2, 0, 0, 0.07%, 5, 0, 2, 1555.58
1592108828, 6155, 0, 2, 0, 0, 0.07%, 5, 0, 2, 1507.07
1592108833, 6167, 0, 2, 0, 0, 0.07%, 5, 0, 2, 64.52
1592108838, 6182, 0, 2, 0, 0, 0.07%, 5, 0, 2, 1545.77
1592108843, 6197, 0, 2, 0, 0, 0.07%, 5, 0, 2, 1533.48
1592108848, 6210, 1, 2, 0, 0, 0.07%, 5, 0, 2, 1471.85
1592108854, 6224, 1, 2, 0, 0, 0.07%, 5, 0, 2, 1455.61
1592108859, 6237, 1, 2, 0, 0, 0.07%, 5, 0, 2, 1538.99
1592108864, 6251, 0, 2, 0, 0, 0.07%, 5, 0, 2, 62.63
1592108869, 6266, 0, 2, 0, 0, 0.07%, 5, 0, 2, 1563.59
1592108874, 6281, 0, 2, 0, 0, 0.07%, 5, 0, 2, 1537.54
1592108880, 6295, 0, 2, 0, 0, 0.07%, 5, 0, 2, 1462.59
1592108885, 6310, 0, 2, 0, 0, 0.07%, 5, 0, 2, 1489.78
1592108890, 6325, 1, 2, 0, 0, 0.07%, 5, 0, 2, 1508.02
1592108895, 6338, 0, 2, 0, 0, 0.07%, 5, 0, 2, 51.49
1592108900, 6353, 0, 2, 0, 0, 0.07%, 5, 0, 2, 1315.42
1592108905, 6368, 0, 2, 0, 0, 0.07%, 5, 0, 2, 1495.51
1592108911, 6383, 0, 2, 0, 0, 0.07%, 5, 0, 2, 1491.12
1592108916, 6396, 1, 2, 0, 0, 0.07%, 5, 0, 2, 1565.00
1592108921, 6411, 1, 2, 0, 0, 0.07%, 5, 0, 2, 1513.69
1592108926, 6426, 1, 2, 0, 0, 0.07%, 5, 0, 2, 1520.52
1592108931, 6440, 0, 2, 0, 0, 0.07%, 5, 0, 2, 246.56
1592108936, 6455, 0, 2, 0, 0, 0.07%, 5, 0, 2, 1525.28
1592108942, 6471, 0, 2, 0, 0, 0.07%, 5, 0, 2, 1574.99
1592108947, 6486, 0, 2, 0, 0, 0.07%, 5, 0, 2, 1532.04
1592108952, 6494, 0, 2, 0, 0, 0.07%, 5, 0, 2, 814.61
1592108957, 6509, 1, 2, 0, 0, 0.07%, 5, 0, 2, 1386.03
1592108963, 6523, 1, 2, 0, 0, 0.07%, 5, 0, 2, 199.52
1592108968, 6537, 0, 2, 0, 0, 0.07%, 5, 0, 2, 1132.58
1592108973, 6552, 1, 2, 0, 0, 0.07%, 5, 0, 2, 1472.94
1592108978, 6567, 1, 2, 0, 0, 0.07%, 5, 0, 2, 1512.74
1592108983, 6582, 0, 2, 0, 0, 0.07%, 5, 0, 2, 1498.29
1592108988, 6595, 1, 2, 0, 0, 0.07%, 5, 0, 2, 354.34
1592108993, 6609, 1, 2, 0, 0, 0.07%, 5, 0, 2, 1655.00
1592108998, 6623, 1, 2, 0, 0, 0.07%, 5, 0, 2, 269.07
1592109003, 6638, 1, 2, 0, 0, 0.07%, 5, 0, 2, 1506.70
1592109008, 6653, 1, 2, 0, 0, 0.07%, 5, 0, 2, 1492.38
1592109013, 6668, 1, 2, 0, 0, 0.07%, 5, 0, 2, 1537.64
1592109018, 6683, 1, 2, 0, 0, 0.07%, 5, 0, 2, 1529.93
1592109024, 6697, 0, 2, 0, 0, 0.07%, 5, 0, 2, 1387.70
1592109029, 6711, 1, 2, 0, 0, 0.07%, 5, 0, 2, 1612.46
1592109034, 6724, 1, 2, 0, 0, 0.07%, 5, 0, 2, 48.44
1592109039, 6739, 0, 2, 0, 0, 0.07%, 5, 0, 2, 1384.23
1592109044, 6754, 1, 2, 0, 0, 0.07%, 5, 0, 2, 1522.88
1592109049, 6769, 0, 2, 0, 0, 0.07%, 5, 0, 2, 1525.22
1592109055, 6782, 1, 2, 0, 0, 0.07%, 5, 0, 2, 232.77
1592109060, 6796, 0, 2, 0, 0, 0.07%, 5, 0, 2, 641.15
1592109065, 6808, 1, 2, 0, 0, 0.07%, 5, 0, 2, 46.20
1592109070, 6823, 1, 2, 0, 0, 0.07%, 5, 0, 2, 1526.25
1592109075, 6838, 1, 2, 0, 0, 0.07%, 5, 0, 2, 1521.91
1592109080, 6854, 0, 2, 0, 0, 0.07%, 5, 0, 2, 1543.86
1592109086, 6868, 1, 2, 0, 0, 0.07%, 5, 0, 2, 1512.49
1592109091, 6881, 0, 2, 0, 0, 0.07%, 5, 0, 2, 234.20
1592109096, 6894, 0, 2, 0, 0, 0.07%, 5, 0, 2, 260.05
1592109101, 6909, 0, 2, 0, 0, 0.07%, 5, 0, 2, 1563.74
1592109106, 6924, 0, 2, 0, 0, 0.07%, 5, 0, 2, 1519.11
1592109111, 6939, 0, 2, 0, 0, 0.07%, 5, 0, 2, 1533.84
1592109116, 6954, 0, 2, 0, 0, 0.07%, 5, 0, 2, 1459.27
1592109122, 6967, 1, 2, 0, 0, 0.07%, 5, 0, 2, 1600.00
1592109127, 6981, 0, 2, 0, 0, 0.07%, 5, 0, 2, 1451.67
1592109132, 6995, 0, 2, 0, 0, 0.07%, 5, 0, 2, 1470.04
1592109137, 7010, 1, 2, 0, 0, 0.07%, 5, 0, 2, 1507.97
1592109142, 7025, 1, 2, 0, 0, 0.07%, 5, 0, 2, 1520.66
1592109147, 7041, 0, 2, 0, 0, 0.07%, 5, 0, 2, 1537.72
1592109152, 7055, 0, 2, 0, 0, 0.07%, 5, 0, 2, 1621.28
1592109157, 7068, 1, 2, 0, 0, 0.07%, 5, 0, 2, 1475.15
1592109162, 7081, 0, 2, 0, 0, 0.07%, 5, 0, 2, 1366.20
1592109168, 7096, 0, 2, 0, 0, 0.07%, 5, 0, 2, 1465.22
1592109173, 7110, 1, 2, 0, 0, 0.07%, 5, 0, 2, 1454.46
1592109178, 7125, 1, 2, 0, 0, 0.07%, 5, 0, 2, 1516.05
1592109183, 7141, 1, 2, 0, 0, 0.07%, 5, 0, 2, 1566.42
1592109188, 7154, 0, 2, 0, 0, 0.07%, 5, 0, 2, 1608.97
1592109193, 7167, 1, 2, 0, 0, 0.07%, 5, 0, 2, 349.32
1592109198, 7182, 0, 2, 0, 0, 0.07%, 5, 0, 2, 1204.16
1592109203, 7196, 1, 2, 0, 0, 0.07%, 5, 0, 2, 1429.62
1592109210, 7201, 1, 2, 0, 0, 0.07%, 5, 0, 2, 5.14
1592109215, 7217, 0, 2, 0, 0, 0.07%, 5, 0, 2, 1606.47
1592109220, 7232, 1, 2, 0, 0, 0.07%, 5, 0, 2, 1560.67
1592109225, 7246, 1, 2, 0, 0, 0.07%, 5, 0, 2, 1447.41
1592109230, 7260, 0, 2, 0, 0, 0.07%, 5, 0, 2, 1467.71
1592109235, 7274, 0, 2, 0, 0, 0.07%, 5, 0, 2, 1523.75
1592109240, 7289, 1, 2, 0, 0, 0.07%, 5, 0, 2, 1550.85
1592109245, 7303, 0, 2, 0, 0, 0.07%, 5, 0, 2, 1516.67
1592109250, 7318, 1, 2, 0, 0, 0.07%, 5, 0, 2, 1525.65
1592109255, 7334, 0, 2, 0, 0, 0.07%, 5, 0, 2, 1537.77
1592109261, 7347, 1, 2, 0, 0, 0.07%, 5, 0, 2, 1276.95
1592109266, 7361, 0, 2, 0, 0, 0.07%, 5, 0, 2, 1332.80
1592109271, 7375, 1, 2, 0, 0, 0.07%, 5, 0, 2, 1534.20
1592109276, 7390, 1, 2, 0, 0, 0.07%, 5, 0, 2, 1514.05
1592109281, 7404, 1, 2, 0, 0, 0.07%, 5, 0, 2, 1336.01
1592109286, 7420, 0, 2, 0, 0, 0.07%, 5, 0, 2, 1475.24
1592109291, 7435, 0, 2, 0, 0, 0.07%, 5, 0, 2, 1525.43
1592109296, 7449, 1, 2, 0, 0, 0.07%, 5, 0, 2, 1475.91
1592109301, 7463, 0, 2, 0, 0, 0.07%, 5, 0, 2, 1002.04
1592109306, 7477, 0, 2, 0, 0, 0.07%, 5, 0, 2, 1373.25
1592109311, 7492, 1, 2, 0, 0, 0.07%, 5, 0, 2, 1489.14
1592109316, 7506, 1, 2, 0, 0, 0.07%, 5, 0, 2, 1470.66
1592109321, 7521, 1, 2, 0, 0, 0.07%, 5, 0, 2, 1477.15
1592109326, 7535, 1, 2, 0, 0, 0.07%, 5, 0, 2, 1482.11
1592109332, 7546, 0, 2, 0, 0, 0.07%, 5, 0, 2, 1554.74
1592109337, 7560, 0, 2, 0, 0, 0.07%, 5, 0, 2, 1430.54
1592109342, 7575, 1, 2, 0, 0, 0.07%, 5, 0, 2, 1530.21
1592109347, 7590, 0, 2, 0, 0, 0.07%, 5, 0, 2, 1465.43
1592109352, 7605, 1, 2, 0, 0, 0.07%, 5, 0, 2, 1564.57
1592109357, 7621, 0, 2, 0, 0, 0.07%, 5, 0, 2, 1552.96
1592109362, 7636, 0, 2, 0, 0, 0.07%, 5, 0, 2, 1544.00
1592109367, 7647, 0, 2, 0, 0, 0.07%, 5, 0, 2, 1449.60
1592109373, 7662, 0, 2, 0, 0, 0.07%, 5, 0, 2, 1495.20
1592109378, 7676, 1, 2, 0, 0, 0.07%, 5, 0, 2, 1463.56
1592109383, 7691, 0, 2, 0, 0, 0.07%, 5, 0, 2, 1506.92
1592109388, 7705, 1, 2, 0, 0, 0.07%, 5, 0, 2, 1478.11
1592109393, 7721, 0, 2, 0, 0, 0.07%, 5, 0, 2, 1540.93
1592109398, 7735, 1, 2, 0, 0, 0.07%, 5, 0, 2, 1501.58
1592109403, 7746, 1, 2, 0, 0, 0.07%, 5, 0, 2, 158.17
1592109408, 7760, 0, 2, 0, 0, 0.07%, 5, 0, 2, 1417.63
1592109413, 7776, 0, 2, 0, 0, 0.07%, 5, 0, 2, 1538.04
1592109418, 7790, 1, 2, 0, 0, 0.07%, 5, 0, 2, 1483.42
1592109423, 7805, 1, 2, 0, 0, 0.07%, 5, 0, 2, 1527.20
1592109429, 7821, 0, 2, 0, 0, 0.07%, 5, 0, 2, 1480.36
1592109434, 7832, 1, 2, 0, 0, 0.07%, 5, 0, 2, 1512.44
1592109439, 7847, 1, 2, 0, 0, 0.07%, 5, 0, 2, 1539.62
1592109444, 7862, 0, 2, 0, 0, 0.07%, 5, 0, 2, 1469.43
1592109449, 7877, 1, 2, 0, 0, 0.07%, 5, 0, 2, 1574.19
1592109454, 7893, 0, 2, 0, 0, 0.07%, 5, 0, 2, 1566.13
1592109459, 7907, 0, 2, 0, 0, 0.07%, 5, 0, 2, 1438.24
1592109464, 7921, 1, 2, 0, 0, 0.07%, 5, 0, 2, 1477.45
1592109469, 7933, 1, 2, 0, 0, 0.07%, 5, 0, 2, 1490.29
1592109474, 7948, 0, 2, 0, 0, 0.07%, 5, 0, 2, 1489.84
1592109480, 7963, 0, 2, 0, 0, 0.07%, 5, 0, 2, 1427.73
1592109485, 7978, 1, 2, 0, 0, 0.07%, 5, 0, 2, 1520.19
1592109490, 7993, 1, 2, 0, 0, 0.07%, 5, 0, 2, 1465.16
1592109495, 8008, 0, 2, 0, 0, 0.07%, 5, 0, 2, 1499.07
1592109500, 8022, 0, 2, 0, 0, 0.07%, 5, 0, 2, 1443.99
1592109505, 8034, 0, 2, 0, 0, 0.07%, 5, 0, 2, 39.13
1592109510, 8048, 0, 2, 0, 0, 0.07%, 5, 0, 2, 1428.69
1592109515, 8063, 1, 2, 0, 0, 0.07%, 5, 0, 2, 1505.08
1592109520, 8078, 1, 2, 0, 0, 0.07%, 5, 0, 2, 1532.86
1592109525, 8093, 1, 2, 0, 0, 0.07%, 5, 0, 2, 1545.42
1592109531, 8109, 0, 2, 0, 0, 0.07%, 5, 0, 2, 1561.70
1592109536, 8123, 1, 2, 0, 0, 0.07%, 5, 0, 2, 1470.93
1592109541, 8137, 0, 2, 0, 0, 0.07%, 5, 0, 2, 124.18
1592109546, 8151, 0, 2, 0, 0, 0.07%, 5, 0, 2, 1446.08
1592109551, 8166, 0, 2, 0, 0, 0.07%, 5, 0, 2, 1466.03
1592109556, 8180, 1, 2, 0, 0, 0.07%, 5, 0, 2, 1500.17
1592109561, 8196, 0, 2, 0, 0, 0.07%, 5, 0, 2, 1519.86
1592109566, 8210, 1, 2, 0, 0, 0.07%, 5, 0, 2, 1472.72
1592109572, 8225, 0, 2, 0, 0, 0.07%, 5, 0, 2, 1410.11
1592109577, 8237, 1, 2, 0, 0, 0.07%, 5, 0, 2, 1165.00
1592109582, 8251, 1, 2, 0, 0, 0.07%, 5, 0, 2, 1377.32
1592109587, 8266, 0, 2, 0, 0, 0.07%, 5, 0, 2, 1475.03
1592109592, 8282, 0, 2, 0, 0, 0.07%, 5, 0, 2, 1521.80
1592109597, 8296, 1, 2, 0, 0, 0.07%, 5, 0, 2, 1465.96
1592109602, 8311, 1, 2, 0, 0, 0.07%, 5, 0, 2, 1509.98
1592109608, 8327, 0, 2, 0, 0, 0.07%, 5, 0, 2, 1517.91
1592109613, 8338, 1, 2, 0, 0, 0.07%, 5, 0, 2, 251.55
1592109618, 8353, 0, 2, 0, 0, 0.07%, 5, 0, 2, 1390.87
1592109623, 8367, 1, 2, 0, 0, 0.07%, 5, 0, 2, 1497.12
1592109628, 8382, 1, 2, 0, 0, 0.07%, 5, 0, 2, 1494.65
1592109633, 8397, 0, 2, 0, 0, 0.07%, 5, 0, 2, 1468.47
1592109638, 8412, 0, 2, 0, 0, 0.07%, 5, 0, 2, 1513.42
1592109643, 8427, 0, 2, 0, 0, 0.07%, 5, 0, 2, 1495.71
1592109648, 8439, 0, 2, 0, 0, 0.07%, 5, 0, 2, 25.53
1592109654, 8453, 0, 2, 0, 0, 0.07%, 5, 0, 2, 1448.78
1592109659, 8468, 0, 2, 0, 0, 0.07%, 5, 0, 2, 1502.35
1592109664, 8483, 0, 2, 0, 0, 0.07%, 5, 0, 2, 1531.87
1592109669, 8497, 1, 2, 0, 0, 0.07%, 5, 0, 2, 1575.43
1592109674, 8513, 0, 2, 0, 0, 0.07%, 5, 0, 2, 1537.31
1592109679, 8525, 0, 2, 0, 0, 0.07%, 5, 0, 2, 12.58
1592109684, 8539, 1, 2, 0, 0, 0.07%, 5, 0, 2, 1338.10
1592109689, 8554, 0, 2, 0, 0, 0.07%, 5, 0, 2, 1328.13
1592109694, 8569, 0, 2, 0, 0, 0.07%, 5, 0, 2, 1495.32
1592109699, 8583, 1, 2, 0, 0, 0.07%, 5, 0, 2, 1515.98
1592109704, 8597, 1, 2, 0, 0, 0.07%, 5, 0, 2, 1435.49
1592109710, 8611, 0, 2, 0, 0, 0.07%, 5, 0, 2, 238.97
1592109716, 8625, 1, 2, 0, 0, 0.07%, 5, 0, 2, 34.48
1592109721, 8640, 1, 2, 0, 0, 0.07%, 5, 0, 2, 1455.51
1592109726, 8656, 0, 2, 0, 0, 0.07%, 5, 0, 2, 1522.34
1592109731, 8671, 1, 2, 0, 0, 0.07%, 5, 0, 2, 1529.02
1592109736, 8686, 1, 2, 0, 0, 0.07%, 5, 0, 2, 1538.41
1592109741, 8699, 1, 2, 0, 0, 0.07%, 5, 0, 2, 1610.00
1592109746, 8713, 0, 2, 0, 0, 0.07%, 5, 0, 2, 55.76
1592109752, 8727, 0, 2, 0, 0, 0.07%, 5, 0, 2, 1465.64
1592109757, 8741, 1, 2, 0, 0, 0.07%, 5, 0, 2, 1498.73
1592109762, 8756, 0, 2, 0, 0, 0.07%, 5, 0, 2, 1443.24
1592109767, 8772, 0, 2, 0, 0, 0.07%, 5, 0, 2, 1551.13
1592109772, 8786, 0, 2, 0, 0, 0.07%, 5, 0, 2, 1472.51
1592109777, 8800, 0, 2, 0, 0, 0.07%, 5, 0, 2, 1526.82
1592109782, 8812, 1, 2, 0, 0, 0.07%, 5, 0, 2, 107.54
1592109787, 8827, 1, 2, 0, 0, 0.07%, 5, 0, 2, 1595.00
1592109792, 8842, 1, 2, 0, 0, 0.07%, 5, 0, 2, 1576.21
1592109797, 8858, 0, 2, 0, 0, 0.07%, 5, 0, 2, 1539.75
1592109802, 8873, 1, 2, 0, 0, 0.07%, 5, 0, 2, 1586.04
1592109808, 8887, 0, 2, 0, 0, 0.07%, 5, 0, 2, 1431.37
1592109813, 8901, 0, 2, 0, 0, 0.07%, 5, 0, 2, 1428.37
1592109818, 8914, 0, 2, 0, 0, 0.07%, 5, 0, 2, 140.25
1592109823, 8928, 1, 2, 0, 0, 0.07%, 5, 0, 2, 1555.30
1592109828, 8943, 1, 2, 0, 0, 0.07%, 5, 0, 2, 1541.71
1592109834, 8959, 0, 2, 0, 0, 0.07%, 5, 0, 2, 1550.71
1592109839, 8973, 1, 2, 0, 0, 0.07%, 5, 0, 2, 1400.00
1592109844, 8988, 0, 2, 0, 0, 0.07%, 5, 0, 2, 1458.13
1592109849, 9001, 0, 2, 0, 0, 0.07%, 5, 0, 2, 1415.83
1592109854, 9016, 0, 2, 0, 0, 0.07%, 5, 0, 2, 1507.20
1592109859, 9031, 0, 2, 0, 0, 0.07%, 5, 0, 2, 1530.90
1592109864, 9046, 1, 2, 0, 0, 0.07%, 5, 0, 2, 1515.86
1592109870, 9058, 1, 2, 0, 0, 0.07%, 5, 0, 2, 81.86
1592109875, 9072, 1, 2, 0, 0, 0.07%, 5, 0, 2, 1500.79
1592109880, 9087, 0, 2, 0, 0, 0.07%, 5, 0, 2, 1477.45
1592109885, 9101, 0, 2, 0, 0, 0.07%, 5, 0, 2, 306.17
1592109890, 9116, 0, 2, 0, 0, 0.07%, 5, 0, 2, 1476.75
1592109895, 9131, 0, 2, 0, 0, 0.07%, 5, 0, 2, 1512.45
1592109900, 9146, 1, 2, 0, 0, 0.07%, 5, 0, 2, 1553.73
1592109905, 9160, 0, 2, 0, 0, 0.07%, 5, 0, 2, 1216.54
1592109911, 9174, 1, 2, 0, 0, 0.07%, 5, 0, 2, 1404.67
1592109916, 9188, 1, 2, 0, 0, 0.07%, 5, 0, 2, 355.36
1592109921, 9202, 0, 2, 0, 0, 0.07%, 5, 0, 2, 1142.42
1592109926, 9218, 0, 2, 0, 0, 0.07%, 5, 0, 2, 1489.53
1592109931, 9232, 1, 2, 0, 0, 0.07%, 5, 0, 2, 1458.07
1592109936, 9247, 1, 2, 0, 0, 0.07%, 5, 0, 2, 1536.44
1592109941, 9261, 0, 2, 0, 0, 0.07%, 5, 0, 2, 1510.00
1592109947, 9274, 0, 2, 0, 0, 0.07%, 5, 0, 2, 19.18
1592109952, 9289, 1, 2, 0, 0, 0.07%, 5, 0, 2, 1526.24
1592109957, 9303, 0, 2, 0, 0, 0.07%, 5, 0, 2, 160.64
1592109962, 9317, 0, 2, 0, 0, 0.07%, 5, 0, 2, 1496.97
1592109967, 9332, 0, 2, 0, 0, 0.07%, 5, 0, 2, 1525.85
1592109972, 9346, 0, 2, 0, 0, 0.07%, 5, 0, 2, 1490.20
1592109978, 9360, 1, 2, 0, 0, 0.07%, 5, 0, 2, 1441.15
1592109983, 9374, 1, 2, 0, 0, 0.07%, 5, 0, 2, 1466.22
1592109988, 9389, 0, 2, 0, 0, 0.07%, 5, 0, 2, 1440.19
1592109993, 9404, 0, 2, 0, 0, 0.07%, 5, 0, 2, 1494.28
1592109998, 9418, 1, 2, 0, 0, 0.07%, 5, 0, 2, 1498.35
1592110003, 9433, 1, 2, 0, 0, 0.07%, 5, 0, 2, 1500.64
1592110008, 9448, 1, 2, 0, 0, 0.07%, 5, 0, 2, 1499.96
1592110013, 9463, 0, 2, 0, 0, 0.07%, 5, 0, 2, 1495.72
1592110018, 9476, 1, 2, 0, 0, 0.07%, 5, 0, 2, 43.15
1592110023, 9490, 0, 2, 0, 0, 0.07%, 5, 0, 2, 302.00
1592110029, 9505, 0, 2, 0, 0, 0.07%, 5, 0, 2, 1237.90
1592110034, 9520, 0, 2, 0, 0, 0.07%, 5, 0, 2, 1452.22
1592110039, 9535, 0, 2, 0, 0, 0.07%, 5, 0, 2, 1526.25
1592110044, 9550, 0, 2, 0, 0, 0.07%, 5, 0, 2, 1504.98
1592110049, 9564, 0, 2, 0, 0, 0.07%, 5, 0, 2, 272.10
1592110054, 9577, 0, 2, 0, 0, 0.07%, 5, 0, 2, 1418.73
1592110059, 9590, 1, 2, 0, 0, 0.07%, 5, 0, 2, 1206.33
1592110064, 9605, 0, 2, 0, 0, 0.07%, 5, 0, 2, 1405.56
1592110069, 9619, 1, 2, 0, 0, 0.07%, 5, 0, 2, 1483.16
1592110074, 9635, 0, 2, 0, 0, 0.07%, 5, 0, 2, 1499.16
1592110079, 9649, 0, 2, 0, 0, 0.07%, 5, 0, 2, 1402.28
1592110085, 9664, 1, 2, 0, 0, 0.07%, 5, 0, 2, 1535.60
1592110090, 9678, 0, 2, 0, 0, 0.07%, 5, 0, 2, 110.19
1592110095, 9691, 1, 2, 0, 0, 0.07%, 5, 0, 2, 1443.31
1592110100, 9706, 1, 2, 0, 0, 0.07%, 5, 0, 2, 1478.36
1592110105, 9721, 1, 2, 0, 0, 0.07%, 5, 0, 2, 1481.39
1592110110, 9735, 1, 2, 0, 0, 0.07%, 5, 0, 2, 712.21
1592110116, 9750, 1, 2, 0, 0, 0.07%, 5, 0, 2, 1349.10
1592110121, 9763, 1, 2, 0, 0, 0.07%, 5, 0, 2, 110.17
1592110126, 9777, 0, 2, 0, 0, 0.07%, 5, 0, 2, 1444.08
1592110132, 9792, 1, 2, 0, 0, 0.07%, 5, 0, 2, 1500.87
1592110137, 9807, 1, 2, 0, 0, 0.07%, 5, 0, 2, 1541.28
1592110142, 9822, 0, 2, 0, 0, 0.07%, 5, 0, 2, 1577.67
1592110147, 9837, 0, 2, 0, 0, 0.07%, 5, 0, 2, 1538.52
1592110152, 9851, 0, 2, 0, 0, 0.07%, 5, 0, 2, 1458.51
1592110157, 9864, 1, 2, 0, 0, 0.07%, 5, 0, 2, 332.44
1592110162, 9879, 1, 2, 0, 0, 0.07%, 5, 0, 2, 1311.58
1592110167, 9895, 0, 2, 0, 0, 0.07%, 5, 0, 2, 1517.39
1592110172, 9908, 0, 2, 0, 0, 0.07%, 5, 0, 2, 1417.95
1592110177, 9923, 0, 2, 0, 0, 0.07%, 5, 0, 2, 1487.13
1592110183, 9937, 0, 2, 0, 0, 0.07%, 5, 0, 2, 307.39
1592110188, 9950, 1, 2, 0, 0, 0.07%, 5, 0, 2, 179.78
1592110193, 9965, 0, 2, 0, 0, 0.07%, 5, 0, 2, 1572.57
1592110198, 9980, 0, 2, 0, 0, 0.07%, 5, 0, 2, 1563.36
1592110203, 9993, 1, 2, 0, 0, 0.07%, 5, 0, 2, 239.53
1592110208, 10008, 0, 2, 0, 0, 0.07%, 5, 0, 2, 1494.94
1592110213, 10022, 0, 2, 0, 0, 0.07%, 5, 0, 2, 1441.67
1592110218, 10037, 0, 2, 0, 0, 0.07%, 5, 0, 2, 1506.13
1592110224, 10050, 0, 2, 0, 0, 0.07%, 5, 0, 2, 11.42
1592110229, 10064, 0, 2, 0, 0, 0.07%, 5, 0, 2, 1458.74
1592110234, 10078, 0, 2, 0, 0, 0.07%, 5, 0, 2, 152.47
1592110239, 10091, 1, 2, 0, 0, 0.07%, 5, 0, 2, 1487.90
1592110244, 10106, 0, 2, 0, 0, 0.07%, 5, 0, 2, 1078.12
1592110249, 10121, 0, 2, 0, 0, 0.07%, 5, 0, 2, 1434.93
1592110255, 10134, 1, 2, 0, 0, 0.07%, 6, 0, 2, 278.48
1592110260, 10147, 1, 2, 0, 0, 0.07%, 6, 0, 2, 1414.29
1592110265, 10162, 0, 2, 0, 0, 0.07%, 6, 0, 2, 1373.12
1592110270, 10177, 0, 2, 0, 0, 0.07%, 6, 0, 2, 1452.14
1592110275, 10191, 0, 2, 0, 0, 0.07%, 6, 0, 2, 1425.11
1592110280, 10206, 1, 2, 0, 0, 0.07%, 6, 0, 2, 1513.67
1592110285, 10220, 1, 2, 0, 0, 0.07%, 6, 0, 2, 1447.68
1592110290, 10234, 0, 2, 0, 0, 0.07%, 6, 0, 2, 1405.50
1592110296, 10248, 0, 2, 0, 0, 0.07%, 6, 0, 2, 672.88
1592110301, 10263, 0, 2, 0, 0, 0.07%, 6, 0, 2, 1360.20
1592110306, 10277, 1, 2, 0, 0, 0.07%, 6, 0, 2, 1420.96
1592110311, 10292, 1, 2, 0, 0, 0.07%, 6, 0, 2, 1494.02
1592110316, 10306, 1, 2, 0, 0, 0.07%, 6, 0, 2, 1740.39
1592110321, 10321, 1, 2, 0, 0, 0.07%, 6, 0, 2, 1570.31
1592110326, 10334, 0, 2, 0, 0, 0.07%, 6, 0, 2, 438.05
1592110331, 10349, 0, 2, 0, 0, 0.07%, 6, 0, 2, 1292.47
1592110336, 10363, 0, 2, 0, 0, 0.07%, 6, 0, 2, 1393.04
1592110341, 10378, 1, 2, 0, 0, 0.07%, 6, 0, 2, 1543.32
1592110347, 10392, 1, 2, 0, 0, 0.07%, 6, 0, 2, 1468.42
1592110352, 10408, 0, 2, 0, 0, 0.07%, 6, 0, 2, 1527.14
1592110357, 10422, 1, 2, 0, 0, 0.07%, 6, 0, 2, 1492.56
1592110362, 10434, 1, 2, 0, 0, 0.07%, 6, 0, 2, 23.44
1592110367, 10448, 0, 2, 0, 0, 0.07%, 6, 0, 2, 1232.00
1592110372, 10463, 0, 2, 0, 0, 0.07%, 6, 0, 2, 1463.10
1592110377, 10477, 0, 2, 0, 0, 0.07%, 6, 0, 2, 981.40
1592110382, 10491, 1, 2, 0, 0, 0.07%, 6, 0, 2, 1387.78
1592110387, 10507, 0, 2, 0, 0, 0.07%, 6, 0, 2, 1527.37
1592110392, 10521, 0, 2, 0, 0, 0.07%, 6, 0, 2, 1426.94
1592110397, 10534, 0, 2, 0, 0, 0.07%, 6, 0, 2, 1432.71
1592110402, 10547, 0, 2, 0, 0, 0.07%, 6, 0, 2, 1579.97
1592110407, 10562, 0, 2, 0, 0, 0.07%, 6, 0, 2, 1509.03
1592110413, 10577, 1, 2, 0, 0, 0.07%, 6, 0, 2, 1527.58
1592110418, 10593, 0, 2, 0, 0, 0.07%, 6, 0, 2, 1518.55
1592110423, 10607, 1, 2, 0, 0, 0.07%, 6, 0, 2, 1452.21
1592110428, 10622, 1, 2, 0, 0, 0.07%, 6, 0, 2, 1509.76
1592110433, 10636, 0, 2, 0, 0, 0.07%, 6, 0, 2, 43.13
1592110438, 10650, 0, 2, 0, 0, 0.07%, 6, 0, 2, 1565.04
1592110443, 10664, 1, 2, 0, 0, 0.07%, 6, 0, 2, 1533.36
1592110448, 10679, 1, 2, 0, 0, 0.07%, 6, 0, 2, 1507.53
1592110453, 10693, 0, 2, 0, 0, 0.07%, 6, 0, 2, 1438.53
1592110458, 10708, 0, 2, 0, 0, 0.07%, 6, 0, 2, 1474.92
1592110464, 10723, 1, 2, 0, 0, 0.07%, 6, 0, 2, 1550.47
1592110469, 10736, 1, 2, 0, 0, 0.07%, 6, 0, 2, 244.02
1592110474, 10750, 1, 2, 0, 0, 0.07%, 6, 0, 2, 1143.01
1592110484, 10759, 1, 2, 0, 0, 0.07%, 6, 0, 2, 0.31
1592110489, 10774, 0, 2, 0, 0, 0.07%, 6, 0, 2, 1337.07
1592110494, 10789, 0, 2, 0, 0, 0.07%, 6, 0, 2, 1487.35
1592110499, 10804, 1, 2, 0, 0, 0.07%, 6, 0, 2, 1529.65
1592110504, 10815, 1, 2, 0, 0, 0.07%, 6, 0, 2, 1345.40
1592110509, 10830, 0, 2, 0, 0, 0.07%, 6, 0, 2, 1468.66
1592110514, 10845, 1, 2, 0, 0, 0.07%, 6, 0, 2, 1542.85
1592110519, 10859, 1, 2, 0, 0, 0.07%, 6, 0, 2, 1478.47
1592110524, 10875, 0, 2, 0, 0, 0.07%, 6, 0, 2, 1512.27
1592110530, 10889, 1, 2, 0, 0, 0.07%, 6, 0, 2, 1498.93
1592110535, 10904, 0, 2, 0, 0, 0.07%, 6, 0, 2, 1520.11
1592110540, 10916, 1, 2, 0, 0, 0.07%, 6, 0, 2, 1327.27
1592110545, 10931, 1, 2, 0, 0, 0.07%, 6, 0, 2, 1500.77
1592110550, 10946, 1, 2, 0, 0, 0.07%, 6, 0, 2, 1537.76
1592110555, 10962, 0, 2, 0, 0, 0.07%, 6, 0, 2, 1540.41
1592110560, 10976, 1, 2, 0, 0, 0.07%, 6, 0, 2, 1404.25
1592110565, 10991, 0, 2, 0, 0, 0.07%, 6, 0, 2, 1572.79
1592110571, 11005, 0, 2, 0, 0, 0.07%, 6, 0, 2, 1455.38
1592110576, 11017, 1, 2, 0, 0, 0.07%, 6, 0, 2, 1493.64
1592110581, 11031, 1, 2, 0, 0, 0.07%, 6, 0, 2, 1467.88
1592110586, 11046, 0, 2, 0, 0, 0.07%, 6, 0, 2, 1463.50
1592110591, 11061, 0, 2, 0, 0, 0.07%, 6, 0, 2, 1627.25
1592110596, 11076, 1, 2, 0, 0, 0.07%, 6, 0, 2, 1516.67
1592110602, 11081, 0, 2, 0, 0, 0.07%, 6, 0, 2, 6.36
1592110607, 11095, 0, 2, 0, 0, 0.07%, 6, 0, 2, 1481.22
1592110613, 11107, 0, 2, 0, 0, 0.07%, 6, 0, 2, 1325.07
1592110618, 11122, 0, 2, 0, 0, 0.07%, 6, 0, 2, 1503.25
1592110623, 11137, 1, 2, 0, 0, 0.07%, 6, 0, 2, 1570.82
1592110628, 11152, 0, 2, 0, 0, 0.07%, 6, 0, 2, 1482.98
1592110633, 11166, 0, 2, 0, 0, 0.07%, 6, 0, 2, 301.34
1592110638, 11179, 1, 2, 0, 0, 0.07%, 6, 0, 2, 1136.70
1592110643, 11192, 1, 2, 0, 0, 0.07%, 6, 0, 2, 1320.04
1592110648, 11207, 1, 2, 0, 0, 0.07%, 6, 0, 2, 1484.82
1592110654, 11223, 0, 2, 0, 0, 0.07%, 6, 0, 2, 1527.06
1592110659, 11238, 0, 2, 0, 0, 0.07%, 6, 0, 2, 1517.17
1592110664, 11251, 0, 2, 0, 0, 0.07%, 6, 0, 2, 347.11
1592110669, 11264, 0, 2, 0, 0, 0.07%, 6, 0, 2, 24.36
1592110674, 11278, 1, 2, 0, 0, 0.07%, 6, 0, 2, 1493.15
1592110679, 11293, 1, 2, 0, 0, 0.07%, 6, 0, 2, 1507.96
1592110684, 11308, 1, 2, 0, 0, 0.07%, 6, 0, 2, 1511.50
1592110690, 11324, 1, 2, 0, 0, 0.07%, 6, 0, 2, 1558.73
1592110695, 11339, 0, 2, 0, 0, 0.07%, 6, 0, 2, 1643.24
1592110700, 11353, 1, 2, 0, 0, 0.07%, 6, 0, 2, 1537.29
1592110705, 11366, 0, 2, 0, 0, 0.07%, 6, 0, 2, 179.67
1592110710, 11380, 1, 2, 0, 0, 0.07%, 6, 0, 2, 1510.35
1592110715, 11396, 0, 2, 0, 0, 0.07%, 6, 0, 2, 1556.07
1592110720, 11411, 0, 2, 0, 0, 0.07%, 6, 0, 2, 1490.69
1592110725, 11426, 0, 2, 0, 0, 0.07%, 6, 0, 2, 1543.21
1592110730, 11440, 1, 2, 0, 0, 0.07%, 6, 0, 2, 1577.11
1592110735, 11454, 0, 2, 0, 0, 0.07%, 6, 0, 2, 285.71
1592110741, 11467, 1, 2, 0, 0, 0.07%, 6, 0, 2, 1466.49
1592110746, 11482, 1, 2, 0, 0, 0.07%, 6, 0, 2, 1497.82
1592110751, 11498, 0, 2, 0, 0, 0.07%, 6, 0, 2, 1532.60
1592110756, 11512, 1, 2, 0, 0, 0.07%, 6, 0, 2, 1508.77
1592110761, 11526, 1, 2, 0, 0, 0.07%, 6, 0, 2, 1223.88
1592110766, 11541, 0, 2, 0, 0, 0.07%, 6, 0, 2, 1389.40
1592110771, 11554, 1, 2, 0, 0, 0.07%, 6, 0, 2, 1393.15
1592110777, 11566, 1, 2, 0, 0, 0.07%, 6, 0, 2, 325.90
1592110782, 11582, 1, 2, 0, 0, 0.07%, 6, 0, 2, 1577.61
1592110787, 11597, 1, 2, 0, 0, 0.07%, 6, 0, 2, 1511.96
1592110792, 11612, 0, 2, 0, 0, 0.07%, 6, 0, 2, 1481.42
1592110797, 11625, 1, 2, 0, 0, 0.07%, 6, 0, 2, 1449.92
1592110802, 11640, 1, 2, 0, 0, 0.07%, 6, 0, 2, 1506.37
1592110807, 11654, 1, 2, 0, 0, 0.07%, 6, 0, 2, 1506.52
1592110812, 11667, 1, 2, 0, 0, 0.07%, 6, 0, 2, 1677.88
1592110817, 11682, 0, 2, 0, 0, 0.07%, 6, 0, 2, 1546.11
1592110823, 11696, 1, 2, 0, 0, 0.07%, 6, 0, 2, 1454.07
1592110828, 11712, 0, 2, 0, 0, 0.07%, 6, 0, 2, 1503.58
1592110833, 11725, 0, 2, 0, 0, 0.07%, 6, 0, 2, 1418.52
1592110838, 11740, 1, 2, 0, 0, 0.07%, 6, 0, 2, 1506.75
1592110843, 11754, 1, 2, 0, 0, 0.07%, 6, 0, 2, 1641.22
1592110848, 11767, 1, 2, 0, 0, 0.07%, 6, 0, 2, 870.45
1592110853, 11783, 0, 2, 0, 0, 0.07%, 6, 0, 2, 1406.86
1592110858, 11797, 1, 2, 0, 0, 0.07%, 6, 0, 2, 1448.31
1592110863, 11813, 0, 2, 0, 0, 0.07%, 6, 0, 2, 1531.44
1592110868, 11826, 0, 2, 0, 0, 0.07%, 6, 0, 2, 438.85
1592110874, 11841, 1, 2, 0, 0, 0.07%, 6, 0, 2, 1325.95
1592110879, 11854, 1, 2, 0, 0, 0.07%, 6, 0, 2, 951.09
1592110884, 11868, 0, 2, 0, 0, 0.07%, 6, 0, 2, 1289.33
1592110889, 11882, 1, 2, 0, 0, 0.07%, 6, 0, 2, 1441.57
1592110894, 11898, 0, 2, 0, 0, 0.07%, 6, 0, 2, 1525.17
1592110899, 11910, 0, 2, 0, 0, 0.07%, 6, 0, 2, 1407.90
1592110904, 11925, 0, 2, 0, 0, 0.07%, 6, 0, 2, 1495.10
1592110909, 11938, 0, 2, 0, 0, 0.07%, 6, 0, 2, 646.79
1592110914, 11950, 1, 2, 0, 0, 0.07%, 6, 0, 2, 1079.41
1592110919, 11961, 0, 2, 0, 0, 0.07%, 6, 0, 2, 1192.50
1592110925, 11964, 0, 2, 0, 0, 0.07%, 6, 0, 2, 245.19
1592110930, 11968, 0, 2, 0, 0, 0.07%, 6, 0, 2, 214.21
1592110935, 11978, 0, 2, 0, 0, 0.07%, 6, 0, 2, 1554.70
1592110940, 11993, 0, 2, 0, 0, 0.07%, 6, 0, 2, 1547.82
1592110945, 12005, 1, 2, 0, 0, 0.07%, 6, 0, 2, 10.00
1592110950, 12018, 1, 2, 0, 0, 0.07%, 6, 0, 2, 123.20
1592110955, 12033, 1, 2, 0, 0, 0.07%, 6, 0, 2, 1434.06
1592110960, 12047, 0, 2, 0, 0, 0.07%, 6, 0, 2, 57.20
1592110966, 12062, 1, 2, 0, 0, 0.07%, 6, 0, 2, 1480.62
1592110971, 12077, 0, 2, 0, 0, 0.07%, 6, 0, 2, 1506.35
1592110976, 12090, 0, 2, 0, 0, 0.07%, 6, 0, 2, 64.79
1592110981, 12105, 0, 2, 0, 0, 0.07%, 6, 0, 2, 1496.81
1592110986, 12119, 1, 2, 0, 0, 0.07%, 6, 0, 2, 1489.66
1592110991, 12134, 0, 2, 0, 0, 0.07%, 6, 0, 2, 1498.14
1592110996, 12147, 1, 2, 0, 0, 0.07%, 6, 0, 2, 1429.44
1592111001, 12162, 1, 2, 0, 0, 0.07%, 6, 0, 2, 1511.77
1592111006, 12178, 0, 2, 0, 0, 0.07%, 6, 0, 2, 1521.76
1592111011, 12191, 0, 2, 0, 0, 0.07%, 6, 0, 2, 1454.20
1592111017, 12204, 1, 2, 0, 0, 0.07%, 6, 0, 2, 1399.06
1592111022, 12219, 0, 2, 0, 0, 0.07%, 6, 0, 2, 1454.90
1592111027, 12234, 1, 2, 0, 0, 0.07%, 6, 0, 2, 1527.07
1592111032, 12249, 1, 2, 0, 0, 0.07%, 6, 0, 2, 1489.54
1592111037, 12264, 1, 2, 0, 0, 0.07%, 6, 0, 2, 1516.22
1592111042, 12279, 0, 2, 0, 0, 0.07%, 6, 0, 2, 96.64
1592111048, 12292, 1, 2, 0, 0, 0.07%, 6, 0, 2, 75.43
1592111053, 12308, 1, 2, 0, 0, 0.07%, 6, 0, 2, 1548.07
1592111058, 12323, 0, 2, 0, 0, 0.07%, 6, 0, 2, 1544.52
1592111063, 12339, 0, 2, 0, 0, 0.07%, 6, 0, 2, 1578.43
1592111069, 12352, 0, 2, 0, 0, 0.07%, 6, 0, 2, 222.48
1592111074, 12366, 0, 2, 0, 0, 0.07%, 6, 0, 2, 1464.77
1592111079, 12380, 0, 2, 0, 0, 0.07%, 6, 0, 2, 1433.57
1592111084, 12394, 0, 2, 0, 0, 0.07%, 6, 0, 2, 1427.77
1592111089, 12409, 0, 2, 0, 0, 0.07%, 6, 0, 2, 1526.75
1592111094, 12424, 0, 2, 0, 0, 0.07%, 6, 0, 2, 1466.53
1592111099, 12439, 1, 2, 0, 0, 0.07%, 6, 0, 2, 1536.17
1592111105, 12453, 0, 2, 0, 0, 0.07%, 6, 0, 2, 217.13
1592111110, 12468, 0, 2, 0, 0, 0.07%, 6, 0, 2, 1247.45
1592111116, 12482, 0, 2, 0, 0, 0.07%, 6, 0, 2, 49.04
1592111121, 12496, 0, 2, 0, 0, 0.07%, 6, 0, 2, 1551.25
1592111126, 12511, 1, 2, 0, 0, 0.07%, 6, 0, 2, 1576.19
1592111131, 12526, 0, 2, 0, 0, 0.07%, 6, 0, 2, 1502.96
1592111136, 12539, 1, 2, 0, 0, 0.07%, 6, 0, 2, 262.03
1592111141, 12553, 1, 2, 0, 0, 0.07%, 6, 0, 2, 1484.45
1592111147, 12567, 1, 2, 0, 0, 0.07%, 6, 0, 2, 200.24
1592111152, 12581, 1, 2, 0, 0, 0.07%, 6, 0, 2, 1491.83
1592111157, 12596, 1, 2, 0, 0, 0.07%, 6, 0, 2, 1503.86
1592111162, 12611, 1, 2, 0, 0, 0.07%, 6, 0, 2, 1532.91
1592111167, 12624, 0, 2, 0, 0, 0.07%, 6, 0, 2, 735.00
1592111172, 12639, 1, 2, 0, 0, 0.07%, 6, 0, 2, 1376.11
1592111177, 12652, 1, 2, 0, 0, 0.07%, 6, 0, 2, 241.90
1592111183, 12667, 1, 2, 0, 0, 0.07%, 6, 0, 2, 1554.01
1592111188, 12683, 0, 2, 0, 0, 0.07%, 6, 0, 2, 1501.84
1592111193, 12698, 0, 2, 0, 0, 0.07%, 6, 0, 2, 1537.44
1592111198, 12710, 1, 2, 0, 0, 0.07%, 6, 0, 2, 1387.91
1592111203, 12725, 0, 2, 0, 0, 0.07%, 6, 0, 2, 1392.06
1592111209, 12739, 0, 2, 0, 0, 0.07%, 6, 0, 2, 213.66
1592111214, 12753, 0, 2, 0, 0, 0.07%, 6, 0, 2, 1552.29
1592111219, 12768, 1, 2, 0, 0, 0.07%, 6, 0, 2, 1545.83
1592111224, 12783, 0, 2, 0, 0, 0.07%, 6, 0, 2, 1499.37
1592111229, 12797, 0, 2, 0, 0, 0.07%, 6, 0, 2, 1511.96
1592111234, 12812, 0, 2, 0, 0, 0.07%, 6, 0, 2, 1495.93
1592111239, 12827, 1, 2, 0, 0, 0.07%, 6, 0, 2, 1546.98
1592111245, 12840, 0, 2, 0, 0, 0.07%, 6, 0, 2, 269.72
1592111250, 12854, 0, 2, 0, 0, 0.07%, 6, 0, 2, 1539.76
1592111255, 12869, 1, 2, 0, 0, 0.07%, 6, 0, 2, 1560.60
1592111260, 12882, 1, 2, 0, 0, 0.07%, 6, 0, 2, 1429.83
1592111265, 12898, 1, 2, 0, 0, 0.07%, 6, 0, 2, 1548.54
1592111270, 12912, 0, 2, 0, 0, 0.07%, 6, 0, 2, 1454.62
1592111275, 12925, 0, 2, 0, 0, 0.07%, 6, 0, 2, 92.65
1592111280, 12940, 1, 2, 0, 0, 0.07%, 6, 0, 2, 1395.96
1592111285, 12954, 0, 2, 0, 0, 0.07%, 6, 0, 2, 1384.54
1592111291, 12957, 1, 2, 0, 0, 0.07%, 6, 0, 2, 379.31
1592111296, 12969, 1, 2, 0, 0, 0.07%, 6, 0, 2, 61.26
1592111301, 12984, 0, 2, 0, 0, 0.07%, 6, 0, 2, 1508.20
1592111306, 12998, 1, 2, 0, 0, 0.07%, 6, 0, 2, 1462.06
1592111311, 13012, 0, 2, 0, 0, 0.07%, 6, 0, 2, 1414.64
1592111316, 13027, 0, 2, 0, 0, 0.07%, 6, 0, 2, 1502.55
1592111321, 13041, 1, 2, 0, 0, 0.07%, 6, 0, 2, 1450.98
1592111326, 13056, 1, 2, 0, 0, 0.07%, 6, 0, 2, 1499.57
1592111332, 13070, 1, 2, 0, 0, 0.07%, 6, 0, 2, 1610.00
1592111337, 13084, 1, 2, 0, 0, 0.07%, 6, 0, 2, 1450.05
1592111342, 13098, 1, 2, 0, 0, 0.07%, 6, 0, 2, 1421.69
1592111351, 13108, 0, 2, 0, 0, 0.07%, 6, 0, 2, 2.38
1592111356, 13123, 1, 2, 0, 0, 0.07%, 6, 0, 2, 1531.41
1592111362, 13139, 0, 2, 0, 0, 0.07%, 6, 0, 2, 1500.04
1592111367, 13153, 1, 2, 0, 0, 0.07%, 6, 0, 2, 1459.80
1592111372, 13168, 0, 2, 0, 0, 0.07%, 6, 0, 2, 1405.26
1592111377, 13180, 0, 2, 0, 0, 0.07%, 6, 0, 2, 1329.88
1592111382, 13194, 1, 2, 0, 0, 0.07%, 6, 0, 2, 1442.52
1592111387, 13209, 1, 2, 0, 0, 0.07%, 6, 0, 2, 1457.85
1592111393, 13224, 1, 2, 0, 0, 0.07%, 6, 0, 2, 1520.74
1592111398, 13239, 0, 2, 0, 0, 0.07%, 6, 0, 2, 1441.82
1592111403, 13252, 0, 2, 0, 0, 0.07%, 6, 0, 2, 1434.05
1592111408, 13266, 1, 2, 0, 0, 0.07%, 6, 0, 2, 1560.00
1592111413, 13281, 0, 2, 0, 0, 0.07%, 6, 0, 2, 1472.60
1592111418, 13294, 1, 2, 0, 0, 0.07%, 6, 0, 2, 150.57
1592111423, 13309, 1, 2, 0, 0, 0.07%, 6, 0, 2, 1543.81
1592111428, 13324, 1, 2, 0, 0, 0.07%, 6, 0, 2, 1528.09
1592111433, 13339, 1, 2, 0, 0, 0.07%, 6, 0, 2, 1479.93
1592111439, 13352, 0, 2, 0, 0, 0.07%, 6, 0, 2, 241.90
1592111444, 13365, 0, 2, 0, 0, 0.07%, 6, 0, 2, 18.63
1592111449, 13379, 0, 2, 0, 0, 0.07%, 6, 0, 2, 1441.00
1592111455, 13393, 0, 2, 0, 0, 0.07%, 6, 0, 2, 1475.52
1592111460, 13408, 0, 2, 0, 0, 0.07%, 6, 0, 2, 1526.85
1592111465, 13423, 1, 2, 0, 0, 0.07%, 6, 0, 2, 1543.18
1592111470, 13438, 0, 2, 0, 0, 0.07%, 6, 0, 2, 1528.79
1592111475, 13450, 1, 2, 0, 0, 0.07%, 6, 0, 2, 1457.57
1592111480, 13464, 1, 2, 0, 0, 0.07%, 6, 0, 2, 1670.74
1592111485, 13479, 1, 2, 0, 0, 0.07%, 6, 0, 2, 1532.37
1592111490, 13493, 0, 2, 0, 0, 0.07%, 6, 0, 2, 1662.19
1592111495, 13508, 1, 2, 0, 0, 0.07%, 6, 0, 2, 1546.66
1592111500, 13522, 1, 2, 0, 0, 0.07%, 6, 0, 2, 1494.06
1592111505, 13538, 0, 2, 0, 0, 0.07%, 6, 0, 2, 1508.69
1592111511, 13550, 1, 2, 0, 0, 0.07%, 6, 0, 2, 1403.65
1592111516, 13565, 0, 2, 0, 0, 0.07%, 6, 0, 2, 1462.81
1592111521, 13579, 1, 2, 0, 0, 0.07%, 6, 0, 2, 1468.84
1592111526, 13593, 0, 2, 0, 0, 0.07%, 6, 0, 2, 1427.09
1592111531, 13608, 1, 2, 0, 0, 0.07%, 6, 0, 2, 1535.39
1592111536, 13623, 1, 2, 0, 0, 0.07%, 6, 0, 2, 1507.44
1592111544, 13625, 1, 2, 0, 0, 0.07%, 6, 0, 2, 4.05
1592111549, 13638, 0, 2, 0, 0, 0.07%, 6, 0, 2, 1483.48
1592111554, 13651, 1, 2, 0, 0, 0.07%, 6, 0, 2, 1472.90
1592111559, 13666, 1, 2, 0, 0, 0.07%, 6, 0, 2, 1483.78
1592111564, 13679, 0, 2, 0, 0, 0.07%, 6, 0, 2, 1572.31
1592111569, 13694, 0, 2, 0, 0, 0.07%, 6, 0, 2, 1541.60
1592111574, 13708, 0, 2, 0, 0, 0.07%, 6, 0, 2, 1501.70
1592111579, 13722, 1, 2, 0, 0, 0.07%, 6, 0, 2, 1120.33
1592111584, 13734, 1, 2, 0, 0, 0.07%, 6, 0, 2, 1103.34
1592111590, 13749, 1, 2, 0, 0, 0.07%, 6, 0, 2, 1430.03
1592111595, 13764, 1, 2, 0, 0, 0.07%, 6, 0, 2, 1502.70
1592111600, 13779, 0, 2, 0, 0, 0.07%, 6, 0, 2, 1494.03
1592111605, 13794, 0, 2, 0, 0, 0.07%, 6, 0, 2, 1534.40
1592111610, 13808, 0, 2, 0, 0, 0.07%, 6, 0, 2, 1453.77
1592111615, 13822, 0, 2, 0, 0, 0.07%, 6, 0, 2, 1488.39
1592111620, 13835, 1, 2, 0, 0, 0.07%, 6, 0, 2, 1455.67
1592111625, 13850, 1, 2, 0, 0, 0.07%, 6, 0, 2, 1501.50
1592111630, 13866, 0, 2, 0, 0, 0.07%, 6, 0, 2, 1511.19
1592111636, 13880, 1, 2, 0, 0, 0.07%, 6, 0, 2, 1525.26
1592111641, 13895, 0, 2, 0, 0, 0.07%, 6, 0, 2, 1523.44
1592111646, 13909, 1, 2, 0, 0, 0.07%, 6, 0, 2, 1516.32
1592111651, 13924, 0, 2, 0, 0, 0.07%, 6, 0, 2, 1490.81
1592111656, 13937, 0, 2, 0, 0, 0.07%, 6, 0, 2, 1603.86
1592111661, 13952, 0, 2, 0, 0, 0.07%, 6, 0, 2, 1538.11
1592111666, 13967, 1, 2, 0, 0, 0.07%, 6, 0, 2, 1502.07
1592111671, 13980, 0, 2, 0, 0, 0.07%, 6, 0, 2, 1178.27
1592111676, 13995, 0, 2, 0, 0, 0.07%, 6, 0, 2, 1459.44
1592111682, 14008, 0, 2, 0, 0, 0.07%, 6, 0, 2, 1405.49
1592111687, 14022, 1, 2, 0, 0, 0.07%, 6, 0, 2, 1519.45
1592111692, 14036, 1, 2, 0, 0, 0.07%, 6, 0, 2, 1055.55
1592111697, 14051, 0, 2, 0, 0, 0.07%, 6, 0, 2, 1381.49
1592111702, 14066, 1, 2, 0, 0, 0.07%, 6, 0, 2, 1533.33
1592111707, 14079, 1, 2, 0, 0, 0.07%, 6, 0, 2, 1446.26
1592111712, 14094, 0, 2, 0, 0, 0.07%, 6, 0, 2, 1593.59
1592111717, 14109, 0, 2, 0, 0, 0.07%, 6, 0, 2, 1506.76
1592111722, 14121, 1, 2, 0, 0, 0.07%, 6, 0, 2, 1460.41
1592111727, 14135, 1, 2, 0, 0, 0.07%, 6, 0, 2, 1500.34
1592111732, 14150, 1, 2, 0, 0, 0.07%, 6, 0, 2, 1491.85
1592111738, 14165, 0, 2, 0, 0, 0.07%, 6, 0, 2, 1475.12
1592111743, 14178, 1, 2, 0, 0, 0.07%, 6, 0, 2, 1044.84
1592111748, 14192, 1, 2, 0, 0, 0.07%, 6, 0, 2, 1392.28
1592111753, 14207, 1, 2, 0, 0, 0.07%, 6, 0, 2, 1510.37
1592111758, 14220, 0, 2, 0, 0, 0.07%, 6, 0, 2, 1191.63
1592111763, 14234, 0, 2, 0, 0, 0.07%, 6, 0, 2, 1317.43
1592111768, 14249, 0, 2, 0, 0, 0.07%, 6, 0, 2, 1441.09
1592111775, 14263, 1, 2, 0, 0, 0.07%, 6, 0, 2, 13.76
1592111780, 14279, 0, 2, 0, 0, 0.07%, 6, 0, 2, 1559.49
1592111785, 14293, 0, 2, 0, 0, 0.07%, 6, 0, 2, 1513.69
1592111791, 14306, 0, 2, 0, 0, 0.07%, 6, 0, 2, 152.13
1592111796, 14320, 0, 2, 0, 0, 0.07%, 6, 0, 2, 1450.28
1592111801, 14335, 1, 2, 0, 0, 0.07%, 6, 0, 2, 1522.50
1592111806, 14348, 1, 2, 0, 0, 0.07%, 6, 0, 2, 34.48
1592111811, 14364, 0, 2, 0, 0, 0.07%, 6, 0, 2, 1499.73
1592111816, 14379, 1, 2, 0, 0, 0.07%, 6, 0, 2, 1536.69
1592111822, 14392, 1, 2, 0, 0, 0.07%, 6, 0, 2, 321.71
1592111827, 14407, 1, 2, 0, 0, 0.07%, 6, 0, 2, 1293.18
1592111832, 14423, 0, 2, 0, 0, 0.07%, 6, 0, 2, 1451.42
1592111837, 14435, 1, 2, 0, 0, 0.07%, 6, 0, 2, 1381.19
1592111842, 14450, 0, 2, 0, 0, 0.07%, 6, 0, 2, 1468.47
1592111848, 14465, 1, 2, 0, 0, 0.07%, 6, 0, 2, 1517.18
1592111853, 14477, 0, 2, 0, 0, 0.07%, 6, 0, 2, 105.99
1592111858, 14493, 0, 2, 0, 0, 0.07%, 6, 0, 2, 1548.56
1592111863, 14508, 1, 2, 0, 0, 0.07%, 6, 0, 2, 1545.13
1592111868, 14521, 0, 2, 0, 0, 0.07%, 6, 0, 2, 430.51
1592111873, 14535, 1, 2, 0, 0, 0.07%, 6, 0, 2, 1247.47
1592111878, 14550, 1, 2, 0, 0, 0.07%, 6, 0, 2, 1429.42
1592111883, 14562, 1, 2, 0, 0, 0.07%, 6, 0, 2, 227.77
1592111889, 14578, 0, 2, 0, 0, 0.07%, 6, 0, 2, 1560.64
1592111894, 14593, 1, 2, 0, 0, 0.07%, 6, 0, 2, 1533.18
1592111899, 14606, 0, 2, 0, 0, 0.07%, 6, 0, 2, 179.83
1592111904, 14620, 1, 2, 0, 0, 0.07%, 6, 0, 2, 1457.14
1592111909, 14635, 1, 2, 0, 0, 0.07%, 6, 0, 2, 1489.88
1592111914, 14649, 0, 2, 0, 0, 0.07%, 6, 0, 2, 206.98
1592111919, 14663, 0, 2, 0, 0, 0.07%, 6, 0, 2, 1448.95
1592111924, 14678, 1, 2, 0, 0, 0.07%, 6, 0, 2, 1523.52
1592111930, 14692, 0, 2, 0, 0, 0.07%, 6, 0, 2, 144.09
1592111935, 14707, 0, 2, 0, 0, 0.07%, 6, 0, 2, 1439.65
1592111940, 14721, 1, 2, 0, 0, 0.07%, 6, 0, 2, 1516.83
1592111945, 14736, 1, 2, 0, 0, 0.07%, 6, 0, 2, 1535.19
1592111950, 14750, 1, 2, 0, 0, 0.07%, 6, 0, 2, 71.60
1592111955, 14764, 0, 2, 0, 0, 0.07%, 6, 0, 2, 1399.23
1592111960, 14779, 1, 2, 0, 0, 0.07%, 6, 0, 2, 1493.29
1592111966, 14793, 1, 2, 0, 0, 0.07%, 6, 0, 2, 252.54
1592111971, 14809, 0, 2, 0, 0, 0.07%, 6, 0, 2, 1576.71
1592111976, 14824, 1, 2, 0, 0, 0.07%, 6, 0, 2, 1505.20
1592111981, 14837, 1, 2, 0, 0, 0.07%, 6, 0, 2, 1502.42
1592111986, 14848, 1, 2, 0, 0, 0.07%, 6, 0, 2, 1542.29
1592111991, 14864, 0, 2, 0, 0, 0.07%, 6, 0, 2, 1513.22
1592111997, 14879, 0, 2, 0, 0, 0.07%, 6, 0, 2, 1561.32
1592112002, 14891, 1, 2, 0, 0, 0.07%, 6, 0, 2, 286.55
1592112007, 14907, 0, 2, 0, 0, 0.07%, 6, 0, 2, 1570.56
1592112012, 14921, 1, 2, 0, 0, 0.07%, 6, 0, 2, 1655.00
1592112017, 14936, 1, 2, 0, 0, 0.07%, 6, 0, 2, 1574.74
1592112022, 14950, 0, 2, 0, 0, 0.07%, 6, 0, 2, 162.82
1592112027, 14964, 1, 2, 0, 0, 0.07%, 6, 0, 2, 1423.13
1592112032, 14979, 1, 2, 0, 0, 0.07%, 6, 0, 2, 1498.03
1592112037, 14993, 0, 2, 0, 0, 0.07%, 6, 0, 2, 259.42
1592112043, 15007, 1, 2, 0, 0, 0.07%, 6, 0, 2, 1513.77
1592112048, 15021, 1, 2, 0, 0, 0.07%, 6, 0, 2, 1434.73
1592112053, 15036, 0, 2, 0, 0, 0.07%, 6, 0, 2, 1496.28
1592112058, 15050, 0, 2, 0, 0, 0.07%, 6, 0, 2, 187.27
1592112063, 15064, 0, 2, 0, 0, 0.07%, 6, 0, 2, 1525.72
1592112068, 15079, 1, 2, 0, 0, 0.07%, 6, 0, 2, 1538.68
1592112074, 15092, 1, 2, 0, 0, 0.07%, 6, 0, 2, 170.55
1592112079, 15106, 1, 2, 0, 0, 0.07%, 6, 0, 2, 1446.58
1592112084, 15122, 0, 2, 0, 0, 0.07%, 6, 0, 2, 1526.93
1592112090, 15134, 1, 2, 0, 0, 0.07%, 6, 0, 2, 961.34
1592112095, 15150, 0, 2, 0, 0, 0.07%, 6, 0, 2, 1416.81
1592112102, 15164, 0, 2, 0, 0, 0.07%, 6, 0, 2, 13.56
1592112107, 15179, 0, 2, 0, 0, 0.07%, 6, 0, 2, 1532.43
1592112112, 15191, 1, 2, 0, 0, 0.07%, 6, 0, 2, 1024.54
1592112117, 15206, 0, 2, 0, 0, 0.07%, 6, 0, 2, 1375.88
1592112122, 15218, 0, 2, 0, 0, 0.07%, 6, 0, 2, 1502.44
1592112128, 15226, 1, 2, 0, 0, 0.07%, 6, 0, 2, 9.24
1592112133, 15242, 0, 2, 0, 0, 0.07%, 6, 0, 2, 1526.71
1592112138, 15257, 1, 2, 0, 0, 0.07%, 6, 0, 2, 1512.57
1592112143, 15270, 1, 2, 0, 0, 0.07%, 6, 0, 2, 1573.54
1592112148, 15285, 1, 2, 0, 0, 0.07%, 6, 0, 2, 1550.92
1592112155, 15291, 1, 2, 0, 0, 0.07%, 6, 0, 2, 5.47
1592112160, 15307, 0, 2, 0, 0, 0.07%, 6, 0, 2, 1489.58
1592112165, 15322, 0, 2, 0, 0, 0.07%, 6, 0, 2, 1523.03
1592112171, 15336, 0, 2, 0, 0, 0.07%, 6, 0, 2, 1432.51
1592112176, 15350, 1, 2, 0, 0, 0.07%, 6, 0, 2, 38.80
1592112181, 15365, 0, 2, 0, 0, 0.07%, 6, 0, 2, 1453.54
1592112186, 15379, 0, 2, 0, 0, 0.07%, 6, 0, 2, 88.89
1592112192, 15393, 0, 2, 0, 0, 0.07%, 6, 0, 2, 1501.09
1592112197, 15408, 1, 2, 0, 0, 0.07%, 6, 0, 2, 1532.68
1592112209, 15420, 1, 2, 0, 0, 0.07%, 6, 0, 2, 3.82
1592112214, 15434, 0, 2, 0, 0, 0.07%, 6, 0, 2, 1591.82
1592112219, 15449, 1, 2, 0, 0, 0.07%, 6, 0, 2, 1554.79
1592112224, 15462, 0, 2, 0, 0, 0.07%, 6, 0, 2, 1460.30
1592112229, 15477, 1, 2, 0, 0, 0.07%, 6, 0, 2, 1517.48
1592112234, 15493, 0, 2, 0, 0, 0.07%, 6, 0, 2, 1532.19
1592112239, 15507, 1, 2, 0, 0, 0.07%, 6, 0, 2, 1520.20
1592112244, 15522, 0, 2, 0, 0, 0.07%, 6, 0, 2, 1512.56
1592112249, 15534, 1, 2, 0, 0, 0.07%, 6, 0, 2, 1565.01
1592112254, 15549, 1, 2, 0, 0, 0.07%, 6, 0, 2, 1538.52
1592112259, 15562, 1, 2, 0, 0, 0.07%, 6, 0, 2, 1462.61
1592112265, 15578, 0, 2, 0, 0, 0.07%, 6, 0, 2, 1515.29
1592112270, 15593, 0, 2, 0, 0, 0.07%, 6, 0, 2, 1511.23
1592112275, 15608, 0, 2, 0, 0, 0.07%, 6, 0, 2, 1492.05
1592112280, 15621, 1, 2, 0, 0, 0.07%, 6, 0, 2, 1477.40
1592112285, 15633, 0, 2, 0, 0, 0.07%, 6, 0, 2, 814.46
1592112290, 15647, 1, 2, 0, 0, 0.07%, 6, 0, 2, 1369.28
1592112295, 15660, 0, 2, 0, 0, 0.07%, 6, 0, 2, 1472.72
1592112300, 15675, 0, 2, 0, 0, 0.07%, 6, 0, 2, 1539.76
1592112305, 15690, 1, 2, 0, 0, 0.07%, 6, 0, 2, 1531.07
1592112310, 15704, 0, 2, 0, 0, 0.07%, 6, 0, 2, 1442.89
1592112315, 15716, 0, 2, 0, 0, 0.07%, 6, 0, 2, 1015.85
1592112321, 15731, 1, 2, 0, 0, 0.07%, 6, 0, 2, 1418.17
1592112326, 15745, 0, 2, 0, 0, 0.07%, 6, 0, 2, 1169.19
1592112331, 15759, 1, 2, 0, 0, 0.07%, 6, 0, 2, 1454.83
1592112336, 15774, 1, 2, 0, 0, 0.07%, 6, 0, 2, 1471.45
1592112341, 15789, 0, 2, 0, 0, 0.07%, 6, 0, 2, 1436.67
1592112346, 15802, 0, 2, 0, 0, 0.07%, 6, 0, 2, 914.59
1592112351, 15817, 0, 2, 0, 0, 0.07%, 6, 0, 2, 1385.71
1592112356, 15830, 0, 2, 0, 0, 0.07%, 6, 0, 2, 1657.14
1592112361, 15844, 1, 2, 0, 0, 0.07%, 6, 0, 2, 1538.40
1592112366, 15859, 1, 2, 0, 0, 0.07%, 6, 0, 2, 1521.31
1592112372, 15874, 0, 2, 0, 0, 0.07%, 6, 0, 2, 278.30
1592112377, 15886, 1, 2, 0, 0, 0.07%, 6, 0, 2, 1585.00
1592112382, 15902, 0, 2, 0, 0, 0.07%, 6, 0, 2, 1557.43
1592112387, 15914, 1, 2, 0, 0, 0.07%, 6, 0, 2, 726.16
1592112392, 15929, 0, 2, 0, 0, 0.07%, 6, 0, 2, 1345.90
1592112397, 15944, 0, 2, 0, 0, 0.07%, 6, 0, 2, 1473.31
1592112402, 15958, 1, 2, 0, 0, 0.07%, 6, 0, 2, 1454.35
1592112407, 15972, 0, 2, 0, 0, 0.07%, 6, 0, 2, 1384.95
1592112412, 15985, 0, 2, 0, 0, 0.07%, 6, 0, 2, 1616.51
1592112417, 16000, 0, 2, 0, 0, 0.07%, 6, 0, 2, 1563.76
1592112423, 16014, 0, 2, 0, 0, 0.07%, 6, 0, 2, 491.88
1592112428, 16028, 1, 2, 0, 0, 0.07%, 6, 0, 2, 1297.81
1592112433, 16043, 0, 2, 0, 0, 0.07%, 6, 0, 2, 1502.75
1592112438, 16057, 1, 2, 0, 0, 0.07%, 6, 0, 2, 1474.10
1592112443, 16070, 1, 2, 0, 0, 0.07%, 6, 0, 2, 1385.50
1592112448, 16085, 0, 2, 0, 0, 0.07%, 6, 0, 2, 1468.59
1592112453, 16097, 1, 2, 0, 0, 0.07%, 6, 0, 2, 151.16
1592112458, 16112, 1, 2, 0, 0, 0.07%, 6, 0, 2, 1515.72
1592112466, 16126, 0, 2, 0, 0, 0.07%, 6, 0, 2, 0.98
1592112471, 16140, 1, 2, 0, 0, 0.07%, 6, 0, 2, 1497.95
1592112476, 16153, 0, 2, 0, 0, 0.07%, 6, 0, 2, 1182.92
1592112481, 16168, 0, 2, 0, 0, 0.07%, 6, 0, 2, 1426.41
1592112486, 16183, 0, 2, 0, 0, 0.07%, 6, 0, 2, 1499.77
1592112491, 16196, 0, 2, 0, 0, 0.07%, 6, 0, 2, 1347.80
1592112496, 16211, 1, 2, 0, 0, 0.07%, 6, 0, 2, 1525.66
1592112502, 16225, 1, 2, 0, 0, 0.07%, 6, 0, 2, 1501.43
1592112507, 16240, 1, 2, 0, 0, 0.07%, 6, 0, 2, 1510.10
1592112512, 16253, 0, 2, 0, 0, 0.07%, 6, 0, 2, 1524.63
1592112517, 16268, 1, 2, 0, 0, 0.07%, 6, 0, 2, 1524.55
1592112522, 16283, 0, 2, 0, 0, 0.07%, 6, 0, 2, 1461.81
1592112527, 16297, 0, 2, 0, 0, 0.07%, 6, 0, 2, 1365.10
1592112533, 16312, 0, 2, 0, 0, 0.07%, 6, 0, 2, 1480.09
1592112538, 16326, 1, 2, 0, 0, 0.07%, 6, 0, 2, 1510.02
1592112543, 16342, 0, 2, 0, 0, 0.07%, 6, 0, 2, 1525.33
1592112548, 16355, 0, 2, 0, 0, 0.07%, 6, 0, 2, 1494.01
1592112553, 16370, 0, 2, 0, 0, 0.07%, 6, 0, 2, 1516.38
1592112558, 16383, 0, 2, 0, 0, 0.07%, 6, 0, 2, 969.12
1592112563, 16397, 1, 2, 0, 0, 0.07%, 6, 0, 2, 1529.54
1592112568, 16412, 1, 2, 0, 0, 0.07%, 6, 0, 2, 1526.34
1592112573, 16427, 0, 2, 0, 0, 0.07%, 6, 0, 2, 1514.90
1592112579, 16442, 0, 2, 0, 0, 0.07%, 6, 0, 2, 1529.98
1592112584, 16453, 0, 2, 0, 0, 0.07%, 6, 0, 2, 1453.90
1592112589, 16467, 1, 2, 0, 0, 0.07%, 6, 0, 2, 1478.29
1592112594, 16480, 1, 2, 0, 0, 0.07%, 6, 0, 2, 1440.51
1592112599, 16495, 0, 2, 0, 0, 0.07%, 6, 0, 2, 1453.55
1592112604, 16510, 0, 2, 0, 0, 0.07%, 6, 0, 2, 1477.99
1592112609, 16524, 0, 2, 0, 0, 0.07%, 6, 0, 2, 1470.55
1592112614, 16539, 1, 2, 0, 0, 0.07%, 6, 0, 2, 1540.04
1592112620, 16551, 1, 2, 0, 0, 0.07%, 6, 0, 2, 1314.89
1592112625, 16566, 0, 2, 0, 0, 0.07%, 6, 0, 2, 1449.58
1592112630, 16579, 0, 2, 0, 0, 0.07%, 6, 0, 2, 1259.95
1592112635, 16593, 0, 2, 0, 0, 0.07%, 6, 0, 2, 1410.71
1592112640, 16607, 0, 2, 0, 0, 0.07%, 6, 0, 2, 1417.61
1592112645, 16622, 0, 2, 0, 0, 0.07%, 6, 0, 2, 1501.81
1592112650, 16634, 1, 2, 0, 0, 0.07%, 6, 0, 2, 1492.83
1592112655, 16649, 1, 2, 0, 0, 0.07%, 6, 0, 2, 1496.43
1592112660, 16663, 0, 2, 0, 0, 0.07%, 6, 0, 2, 1330.45
1592112666, 16677, 1, 2, 0, 0, 0.07%, 6, 0, 2, 1476.15
1592112671, 16692, 0, 2, 0, 0, 0.07%, 6, 0, 2, 1477.27
1592112676, 16707, 0, 2, 0, 0, 0.07%, 6, 0, 2, 1486.50
1592112681, 16720, 0, 2, 0, 0, 0.07%, 6, 0, 2, 1573.54
1592112686, 16734, 1, 2, 0, 0, 0.07%, 6, 0, 2, 1514.06
1592112691, 16747, 0, 2, 0, 0, 0.07%, 6, 0, 2, 1564.13
1592112696, 16761, 0, 2, 0, 0, 0.07%, 6, 0, 2, 1391.29
1592112701, 16776, 0, 2, 0, 0, 0.07%, 6, 0, 2, 1522.86
1592112706, 16790, 0, 2, 0, 0, 0.07%, 6, 0, 2, 990.25
1592112711, 16804, 1, 2, 0, 0, 0.07%, 6, 0, 2, 1491.35
1592112717, 16817, 1, 2, 0, 0, 0.07%, 6, 0, 2, 1151.71
1592112722, 16831, 1, 2, 0, 0, 0.07%, 6, 0, 2, 1391.81
1592112727, 16844, 1, 2, 0, 0, 0.07%, 6, 0, 2, 1437.65
1592112732, 16859, 1, 2, 0, 0, 0.07%, 6, 0, 2, 1495.60
1592112737, 16874, 0, 2, 0, 0, 0.07%, 6, 0, 2, 1493.98
1592112742, 16889, 0, 2, 0, 0, 0.07%, 6, 0, 2, 1521.04
1592112747, 16903, 0, 2, 0, 0, 0.07%, 6, 0, 2, 1493.61
1592112752, 16917, 0, 2, 0, 0, 0.07%, 6, 0, 2, 1507.45
1592112757, 16931, 0, 2, 0, 0, 0.07%, 6, 0, 2, 1523.76
1592112762, 16945, 1, 2, 0, 0, 0.07%, 6, 0, 2, 1505.06
1592112768, 16960, 0, 2, 0, 0, 0.07%, 6, 0, 2, 1512.53
1592112773, 16975, 1, 2, 0, 0, 0.07%, 6, 0, 2, 1547.18
1592112778, 16988, 1, 2, 0, 0, 0.07%, 6, 0, 2, 1658.31
1592112783, 17002, 0, 2, 0, 0, 0.07%, 6, 0, 2, 1545.11
1592112788, 17016, 1, 2, 0, 0, 0.07%, 6, 0, 2, 1562.28
1592112793, 17029, 0, 2, 0, 0, 0.07%, 6, 0, 2, 1480.09
1592112798, 17044, 0, 2, 0, 0, 0.07%, 6, 0, 2, 1519.64
1592112803, 17058, 0, 2, 0, 0, 0.07%, 6, 0, 2, 1496.34
1592112808, 17073, 1, 2, 0, 0, 0.07%, 6, 0, 2, 1550.15
1592112813, 17087, 0, 2, 0, 0, 0.07%, 6, 0, 2, 1438.16
1592112818, 17100, 1, 2, 0, 0, 0.07%, 6, 0, 2, 1311.97
1592112823, 17114, 1, 2, 0, 0, 0.07%, 6, 0, 2, 1632.59
1592112828, 17128, 0, 2, 0, 0, 0.07%, 6, 0, 2, 1505.10
1592112834, 17143, 0, 2, 0, 0, 0.07%, 6, 0, 2, 1482.72
1592112839, 17157, 1, 2, 0, 0, 0.07%, 6, 0, 2, 1491.66
1592112844, 17172, 1, 2, 0, 0, 0.07%, 6, 0, 2, 1510.96
1592112849, 17187, 0, 2, 0, 0, 0.07%, 6, 0, 2, 1482.13
1592112854, 17201, 0, 2, 0, 0, 0.07%, 6, 0, 2, 1479.52
1592112859, 17215, 1, 2, 0, 0, 0.07%, 6, 0, 2, 1521.08
1592112864, 17229, 1, 2, 0, 0, 0.07%, 6, 0, 2, 1539.21
1592112869, 17244, 1, 2, 0, 0, 0.07%, 6, 0, 2, 1553.54
1592112875, 17258, 1, 2, 0, 0, 0.07%, 6, 0, 2, 1504.22
1592112880, 17273, 1, 2, 0, 0, 0.07%, 6, 0, 2, 1513.46
1592112885, 17287, 1, 2, 0, 0, 0.07%, 6, 0, 2, 1504.18
1592112890, 17300, 0, 2, 0, 0, 0.07%, 6, 0, 2, 1391.51
1592112895, 17314, 1, 2, 0, 0, 0.07%, 6, 0, 2, 1486.64
1592112900, 17329, 0, 2, 0, 0, 0.07%, 6, 0, 2, 1467.27
1592112905, 17344, 0, 2, 0, 0, 0.07%, 6, 0, 2, 1513.31
1592112910, 17358, 1, 2, 0, 0, 0.07%, 6, 0, 2, 1510.15
1592112915, 17373, 1, 2, 0, 0, 0.07%, 6, 0, 2, 1510.31
1592112920, 17388, 0, 2, 0, 0, 0.07%, 6, 0, 2, 1529.55
1592112925, 17401, 1, 2, 0, 0, 0.07%, 6, 0, 2, 1547.48
1592112930, 17414, 1, 2, 0, 0, 0.07%, 6, 0, 2, 1104.93
1592112936, 17430, 0, 2, 0, 0, 0.07%, 6, 0, 2, 1422.23
1592112941, 17445, 0, 2, 0, 0, 0.07%, 6, 0, 2, 1523.76
1592112946, 17459, 1, 2, 0, 0, 0.07%, 6, 0, 2, 1507.67
1592112951, 17474, 0, 2, 0, 0, 0.07%, 6, 0, 2, 1558.86
1592112956, 17488, 0, 2, 0, 0, 0.07%, 6, 0, 2, 1520.48
1592112961, 17503, 0, 2, 0, 0, 0.07%, 6, 0, 2, 1489.13
1592112966, 17516, 1, 2, 0, 0, 0.07%, 6, 0, 2, 1519.63
1592112972, 17532, 0, 2, 0, 0, 0.07%, 6, 0, 2, 1533.43
1592112977, 17546, 1, 2, 0, 0, 0.07%, 6, 0, 2, 1513.38
1592112982, 17560, 1, 2, 0, 0, 0.07%, 6, 0, 2, 1464.85
1592112987, 17575, 1, 2, 0, 0, 0.07%, 6, 0, 2, 1516.71
1592112992, 17589, 0, 2, 0, 0, 0.07%, 6, 0, 2, 1532.45
1592112997, 17602, 1, 2, 0, 0, 0.07%, 6, 0, 2, 1428.14
1592113002, 17616, 0, 2, 0, 0, 0.07%, 6, 0, 2, 1557.31
1592113007, 17631, 0, 2, 0, 0, 0.07%, 6, 0, 2, 1526.13
1592113012, 17645, 0, 2, 0, 0, 0.07%, 6, 0, 2, 1480.26
1592113018, 17660, 0, 2, 0, 0, 0.07%, 6, 0, 2, 1575.49
1592113023, 17674, 0, 2, 0, 0, 0.07%, 6, 0, 2, 1452.45
1592113028, 17687, 1, 2, 0, 0, 0.07%, 6, 0, 2, 214.99
1592113034, 17702, 0, 2, 0, 0, 0.07%, 6, 0, 2, 237.15
1592113039, 17716, 1, 2, 0, 0, 0.07%, 6, 0, 2, 1568.87
1592113044, 17731, 1, 2, 0, 0, 0.07%, 6, 0, 2, 1525.47
1592113049, 17746, 1, 2, 0, 0, 0.07%, 6, 0, 2, 1509.33
1592113054, 17761, 1, 2, 0, 0, 0.07%, 6, 0, 2, 1512.96
1592113059, 17775, 1, 2, 0, 0, 0.07%, 6, 0, 2, 1613.86
1592113065, 17788, 1, 2, 0, 0, 0.07%, 6, 0, 2, 14.85
1592113070, 17802, 1, 2, 0, 0, 0.07%, 6, 0, 2, 1317.09
1592113075, 17817, 0, 2, 0, 0, 0.07%, 6, 0, 2, 1449.26
1592113080, 17831, 1, 2, 0, 0, 0.07%, 6, 0, 2, 1427.39
1592113085, 17846, 1, 2, 0, 0, 0.07%, 6, 0, 2, 1520.70
1592113090, 17857, 1, 2, 0, 0, 0.07%, 6, 0, 2, 1530.23
1592113095, 17870, 0, 2, 0, 0, 0.07%, 6, 0, 2, 790.00
1592113100, 17885, 0, 2, 0, 0, 0.07%, 6, 0, 2, 1330.79
1592113106, 17900, 0, 2, 0, 0, 0.07%, 6, 0, 2, 1469.27
1592113111, 17914, 1, 2, 0, 0, 0.07%, 6, 0, 2, 1428.43
1592113116, 17929, 1, 2, 0, 0, 0.07%, 6, 0, 2, 1498.75
1592113121, 17944, 1, 2, 0, 0, 0.07%, 6, 0, 2, 1530.43
1592113126, 17958, 1, 2, 0, 0, 0.07%, 6, 0, 2, 1449.82
1592113131, 17971, 0, 2, 0, 0, 0.07%, 6, 0, 2, 132.11
1592113136, 17986, 0, 2, 0, 0, 0.07%, 6, 0, 2, 1566.05
1592113141, 18000, 1, 2, 0, 0, 0.07%, 6, 0, 2, 1488.70
1592113146, 18015, 1, 2, 0, 0, 0.07%, 6, 0, 2, 1511.38
1592113151, 18030, 1, 2, 0, 0, 0.07%, 6, 0, 2, 1488.12
1592113157, 18046, 1, 2, 0, 0, 0.07%, 6, 0, 2, 1548.63
1592113162, 18061, 0, 2, 0, 0, 0.07%, 6, 0, 2, 1445.56
1592113167, 18072, 1, 2, 0, 0, 0.07%, 6, 0, 2, 6.90
1592113172, 18086, 1, 2, 0, 0, 0.07%, 6, 0, 2, 1466.77
1592113177, 18101, 0, 2, 0, 0, 0.07%, 6, 0, 2, 1408.20
1592113182, 18115, 1, 2, 0, 0, 0.07%, 6, 0, 2, 1490.09
1592113187, 18131, 1, 2, 0, 0, 0.07%, 6, 0, 2, 1572.04
1592113192, 18144, 1, 2, 0, 0, 0.07%, 6, 0, 2, 70.34
1592113198, 18159, 0, 2, 0, 0, 0.07%, 6, 0, 2, 1468.84
1592113203, 18173, 0, 2, 0, 0, 0.07%, 6, 0, 2, 164.31
1592113208, 18188, 1, 2, 0, 0, 0.07%, 6, 0, 2, 1499.28
1592113213, 18203, 1, 2, 0, 0, 0.07%, 6, 0, 2, 1485.56
1592113218, 18218, 0, 2, 0, 0, 0.07%, 6, 0, 2, 1431.95
1592113223, 18231, 1, 2, 0, 0, 0.07%, 6, 0, 2, 1427.32
1592113229, 18246, 1, 2, 0, 0, 0.07%, 6, 0, 2, 1468.22
1592113234, 18261, 0, 2, 0, 0, 0.07%, 6, 0, 2, 1666.97
1592113239, 18273, 1, 2, 0, 0, 0.07%, 6, 0, 2, 20.37
1592113244, 18289, 0, 2, 0, 0, 0.07%, 6, 0, 2, 1473.66
1592113249, 18303, 0, 2, 0, 0, 0.07%, 6, 0, 2, 1415.45
1592113255, 18317, 1, 2, 0, 0, 0.07%, 6, 0, 2, 1471.10
1592113260, 18331, 1, 2, 0, 0, 0.07%, 6, 0, 2, 1415.36
1592113265, 18346, 1, 2, 0, 0, 0.07%, 6, 0, 2, 1477.34
1592113270, 18360, 0, 2, 0, 0, 0.07%, 6, 0, 2, 1415.57
1592113275, 18373, 1, 2, 0, 0, 0.07%, 6, 0, 2, 115.23
1592113280, 18387, 0, 2, 0, 0, 0.07%, 6, 0, 2, 1412.94
1592113285, 18402, 0, 2, 0, 0, 0.07%, 6, 0, 2, 1457.19
1592113290, 18416, 0, 2, 0, 0, 0.07%, 6, 0, 2, 1433.28
1592113295, 18430, 0, 2, 0, 0, 0.07%, 6, 0, 2, 1589.34
1592113301, 18445, 0, 2, 0, 0, 0.07%, 6, 0, 2, 1366.52
1592113306, 18457, 1, 2, 0, 0, 0.07%, 6, 0, 2, 1530.00
1592113311, 18471, 0, 2, 0, 0, 0.07%, 6, 0, 2, 1430.13
1592113316, 18486, 0, 2, 0, 0, 0.07%, 6, 0, 2, 1497.84
1592113321, 18500, 0, 2, 0, 0, 0.07%, 6, 0, 2, 1472.95
1592113326, 18515, 1, 2, 0, 0, 0.07%, 6, 0, 2, 1502.01
1592113331, 18529, 1, 2, 0, 0, 0.07%, 6, 0, 2, 1459.71
1592113336, 18544, 1, 2, 0, 0, 0.07%, 6, 0, 2, 1500.94
1592113342, 18557, 0, 2, 0, 0, 0.07%, 6, 0, 2, 207.56
1592113347, 18572, 1, 2, 0, 0, 0.07%, 6, 0, 2, 1466.87
1592113352, 18587, 1, 2, 0, 0, 0.07%, 6, 0, 2, 1670.71
1592113357, 18602, 0, 2, 0, 0, 0.07%, 6, 0, 2, 1547.30
1592113362, 18617, 1, 2, 0, 0, 0.07%, 6, 0, 2, 1553.84
1592113367, 18631, 1, 2, 0, 0, 0.07%, 6, 0, 2, 1430.59
1592113373, 18646, 1, 2, 0, 0, 0.07%, 6, 0, 2, 1448.39
1592113378, 18659, 1, 2, 0, 0, 0.07%, 6, 0, 2, 1600.00
1592113383, 18674, 0, 2, 0, 0, 0.07%, 6, 0, 2, 1516.55
1592113388, 18688, 0, 2, 0, 0, 0.07%, 6, 0, 2, 1461.90
1592113393, 18703, 0, 2, 0, 0, 0.07%, 6, 0, 2, 1481.48
1592113398, 18718, 0, 2, 0, 0, 0.07%, 6, 0, 2, 1532.52
1592113403, 18730, 0, 2, 0, 0, 0.07%, 6, 0, 2, 1373.54
1592113408, 18745, 0, 2, 0, 0, 0.07%, 6, 0, 2, 1474.32
1592113413, 18759, 1, 2, 0, 0, 0.07%, 6, 0, 2, 196.85
1592113418, 18774, 0, 2, 0, 0, 0.07%, 6, 0, 2, 1498.37
1592113424, 18788, 0, 2, 0, 0, 0.07%, 6, 0, 2, 1468.87
1592113429, 18803, 0, 2, 0, 0, 0.07%, 6, 0, 2, 1503.09
1592113434, 18818, 0, 2, 0, 0, 0.07%, 6, 0, 2, 1479.15
1592113439, 18831, 0, 2, 0, 0, 0.07%, 6, 0, 2, 1363.90
1592113444, 18846, 0, 2, 0, 0, 0.07%, 6, 0, 2, 1440.42
1592113449, 18860, 0, 2, 0, 0, 0.07%, 6, 0, 2, 1439.36
1592113454, 18875, 1, 2, 0, 0, 0.07%, 6, 0, 2, 1531.31
1592113460, 18889, 1, 2, 0, 0, 0.07%, 6, 0, 2, 1477.38
1592113465, 18904, 1, 2, 0, 0, 0.07%, 6, 0, 2, 1509.20
1592113470, 18919, 1, 2, 0, 0, 0.07%, 6, 0, 2, 1488.93
1592113475, 18933, 1, 2, 0, 0, 0.07%, 6, 0, 2, 1438.28
1592113480, 18948, 1, 2, 0, 0, 0.07%, 6, 0, 2, 1511.40
1592113485, 18962, 1, 2, 0, 0, 0.07%, 6, 0, 2, 1552.05
1592113490, 18977, 0, 2, 0, 0, 0.07%, 6, 0, 2, 1617.67
1592113495, 18991, 1, 2, 0, 0, 0.07%, 6, 0, 2, 1664.20
1592113500, 19006, 0, 2, 0, 0, 0.07%, 6, 0, 2, 1541.05
1592113505, 19021, 0, 2, 0, 0, 0.07%, 6, 0, 2, 1704.68
1592113511, 19033, 1, 2, 0, 0, 0.07%, 6, 0, 2, 204.89
1592113516, 19047, 1, 2, 0, 0, 0.07%, 6, 0, 2, 211.65
1592113521, 19063, 0, 2, 0, 0, 0.07%, 6, 0, 2, 1521.73
1592113526, 19076, 1, 2, 0, 0, 0.07%, 6, 0, 2, 997.82
1592113531, 19092, 0, 2, 0, 0, 0.07%, 6, 0, 2, 1422.06
1592113536, 19107, 0, 2, 0, 0, 0.07%, 6, 0, 2, 1471.98
1592113541, 19121, 1, 2, 0, 0, 0.07%, 6, 0, 2, 1486.88
1592113547, 19134, 0, 2, 0, 0, 0.07%, 6, 0, 2, 245.74
1592113552, 19149, 0, 2, 0, 0, 0.07%, 6, 0, 2, 1491.14
1592113557, 19162, 1, 2, 0, 0, 0.07%, 6, 0, 2, 1560.00
1592113562, 19177, 0, 2, 0, 0, 0.07%, 6, 0, 2, 1482.54
1592113567, 19192, 1, 2, 0, 0, 0.07%, 6, 0, 2, 1516.85
1592113572, 19208, 0, 2, 0, 0, 0.07%, 6, 0, 2, 1542.93
1592113577, 19223, 0, 2, 0, 0, 0.07%, 6, 0, 2, 1510.75
1592113583, 19234, 1, 2, 0, 0, 0.07%, 6, 0, 2, 19.99
1592113588, 19248, 1, 2, 0, 0, 0.07%, 6, 0, 2, 1417.87
1592113593, 19263, 1, 2, 0, 0, 0.07%, 6, 0, 2, 1524.91
1592113598, 19277, 1, 2, 0, 0, 0.07%, 6, 0, 2, 1558.56
1592113603, 19292, 0, 2, 0, 0, 0.07%, 6, 0, 2, 1501.61
1592113608, 19308, 0, 2, 0, 0, 0.07%, 6, 0, 2, 1548.04
1592113613, 19321, 0, 2, 0, 0, 0.07%, 6, 0, 2, 1130.98
1592113618, 19333, 0, 2, 0, 0, 0.07%, 6, 0, 2, 186.57
1592113624, 19347, 1, 2, 0, 0, 0.07%, 6, 0, 2, 1411.22
1592113629, 19362, 0, 2, 0, 0, 0.07%, 6, 0, 2, 1454.95
1592113634, 19377, 0, 2, 0, 0, 0.07%, 6, 0, 2, 1528.19
1592113639, 19392, 1, 2, 0, 0, 0.07%, 6, 0, 2, 1550.36
1592113644, 19406, 1, 2, 0, 0, 0.07%, 6, 0, 2, 1464.80
1592113649, 19419, 1, 2, 0, 0, 0.07%, 6, 0, 2, 27.81
1592113654, 19434, 0, 2, 0, 0, 0.07%, 6, 0, 2, 1362.98
1592113660, 19448, 1, 2, 0, 0, 0.07%, 6, 0, 2, 1444.29
1592113665, 19463, 1, 2, 0, 0, 0.07%, 6, 0, 2, 1495.45
1592113670, 19479, 0, 2, 0, 0, 0.07%, 6, 0, 2, 1548.79
1592113675, 19494, 0, 2, 0, 0, 0.07%, 6, 0, 2, 1525.58
1592113680, 19507, 1, 2, 0, 0, 0.07%, 6, 0, 2, 1088.03
1592113685, 19520, 1, 2, 0, 0, 0.07%, 6, 0, 2, 112.73
1592113690, 19534, 1, 2, 0, 0, 0.07%, 6, 0, 2, 1331.67
1592113695, 19550, 0, 2, 0, 0, 0.07%, 6, 0, 2, 1508.78
1592113700, 19565, 0, 2, 0, 0, 0.07%, 6, 0, 2, 1510.39
1592113706, 19580, 0, 2, 0, 0, 0.07%, 6, 0, 2, 1541.25
1592113711, 19594, 0, 2, 0, 0, 0.07%, 6, 0, 2, 1472.64
1592113720, 19601, 1, 2, 0, 0, 0.07%, 6, 0, 2, 4.34
1592113725, 19615, 0, 2, 0, 0, 0.07%, 6, 0, 2, 1592.31
1592113730, 19628, 1, 2, 0, 0, 0.07%, 6, 0, 2, 1454.03
1592113735, 19643, 1, 2, 0, 0, 0.07%, 6, 0, 2, 1516.10
1592113741, 19659, 0, 2, 0, 0, 0.07%, 6, 0, 2, 1551.74
1592113746, 19673, 0, 2, 0, 0, 0.07%, 6, 0, 2, 1532.10
1592113751, 19687, 1, 2, 0, 0, 0.07%, 6, 0, 2, 1579.32
1592113756, 19701, 1, 2, 0, 0, 0.07%, 6, 0, 2, 1491.27
1592113761, 19714, 1, 2, 0, 0, 0.07%, 6, 0, 2, 1511.60
1592113766, 19728, 1, 2, 0, 0, 0.07%, 6, 0, 2, 1458.90
1592113771, 19743, 0, 2, 0, 0, 0.07%, 6, 0, 2, 1492.96
1592113776, 19758, 1, 2, 0, 0, 0.07%, 6, 0, 2, 1532.85
1592113781, 19772, 1, 2, 0, 0, 0.07%, 6, 0, 2, 1522.33
1592113786, 19786, 1, 2, 0, 0, 0.07%, 6, 0, 2, 1546.31
1592113791, 19800, 0, 2, 0, 0, 0.07%, 6, 0, 2, 1452.26
1592113796, 19813, 0, 2, 0, 0, 0.07%, 6, 0, 2, 1446.51
1592113801, 19827, 1, 2, 0, 0, 0.07%, 6, 0, 2, 1469.31
1592113807, 19842, 0, 2, 0, 0, 0.07%, 6, 0, 2, 1497.27
1592113812, 19857, 0, 2, 0, 0, 0.07%, 6, 0, 2, 1511.05
1592113817, 19871, 1, 2, 0, 0, 0.07%, 6, 0, 2, 1507.94
1592113822, 19885, 0, 2, 0, 0, 0.07%, 6, 0, 2, 1484.09
1592113828, 19899, 0, 2, 0, 0, 0.07%, 6, 0, 2, 1373.16
1592113833, 19914, 0, 2, 0, 0, 0.07%, 6, 0, 2, 1630.00
1592113838, 19922, 0, 2, 0, 0, 0.07%, 6, 0, 2, 11.20
1592113843, 19937, 1, 2, 0, 0, 0.07%, 6, 0, 2, 1531.09
1592113848, 19951, 1, 2, 0, 0, 0.07%, 6, 0, 2, 1489.82
1592113853, 19965, 0, 2, 0, 0, 0.07%, 6, 0, 2, 1395.78
1592113858, 19978, 1, 2, 0, 0, 0.07%, 6, 0, 2, 1619.95
1592113864, 19993, 0, 2, 0, 0, 0.07%, 6, 0, 2, 1512.62
1592113869, 20007, 0, 2, 0, 0, 0.07%, 6, 0, 2, 1434.19
1592113874, 20022, 0, 2, 0, 0, 0.07%, 6, 0, 2, 1476.54
1592113879, 20038, 0, 2, 0, 0, 0.07%, 6, 0, 2, 1531.96
1592113889, 20049, 1, 2, 0, 0, 0.07%, 6, 0, 2, 5.64
1592113894, 20064, 1, 2, 0, 0, 0.07%, 6, 0, 2, 1581.77
1592113899, 20077, 0, 2, 0, 0, 0.07%, 6, 0, 2, 1508.93
1592113904, 20090, 1, 2, 0, 0, 0.07%, 6, 0, 2, 1416.18
1592113909, 20105, 1, 2, 0, 0, 0.07%, 6, 0, 2, 1491.96
1592113914, 20120, 0, 2, 0, 0, 0.07%, 6, 0, 2, 1432.25
1592113920, 20135, 1, 2, 0, 0, 0.07%, 6, 0, 2, 1511.86
1592113925, 20148, 1, 2, 0, 0, 0.07%, 6, 0, 2, 1444.82
1592113930, 20162, 0, 2, 0, 0, 0.07%, 6, 0, 2, 1388.79
1592113935, 20175, 0, 2, 0, 0, 0.07%, 6, 0, 2, 111.63
1592113940, 20190, 0, 2, 0, 0, 0.07%, 6, 0, 2, 1476.91
1592113945, 20205, 1, 2, 0, 0, 0.07%, 6, 0, 2, 1529.75
1592113950, 20220, 1, 2, 0, 0, 0.07%, 6, 0, 2, 1537.60
1592113955, 20234, 0, 2, 0, 0, 0.07%, 6, 0, 2, 1419.69
1592113960, 20248, 0, 2, 0, 0, 0.07%, 6, 0, 2, 1679.46
1592113966, 20261, 0, 2, 0, 0, 0.07%, 6, 0, 2, 1437.52
1592113971, 20276, 0, 2, 0, 0, 0.07%, 6, 0, 2, 1527.55
1592113976, 20291, 1, 2, 0, 0, 0.07%, 6, 0, 2, 1545.40
1592113981, 20305, 1, 2, 0, 0, 0.07%, 6, 0, 2, 1400.29
1592113986, 20319, 1, 2, 0, 0, 0.07%, 6, 0, 2, 1456.55
1592113991, 20333, 0, 2, 0, 0, 0.07%, 6, 0, 2, 1476.00
1592113996, 20346, 0, 2, 0, 0, 0.07%, 6, 0, 2, 1310.00
1592114001, 20361, 0, 2, 0, 0, 0.07%, 6, 0, 2, 1468.11
1592114006, 20376, 0, 2, 0, 0, 0.07%, 6, 0, 2, 1511.35
1592114011, 20391, 1, 2, 0, 0, 0.07%, 6, 0, 2, 1530.18
1592114017, 20406, 1, 2, 0, 0, 0.07%, 6, 0, 2, 1460.93
1592114022, 20419, 0, 2, 0, 0, 0.07%, 6, 0, 2, 1110.00
1592114027, 20433, 0, 2, 0, 0, 0.07%, 6, 0, 2, 1351.40
1592114032, 20447, 0, 2, 0, 0, 0.07%, 6, 0, 2, 235.13
1592114037, 20462, 0, 2, 0, 0, 0.07%, 6, 0, 2, 1553.17
1592114042, 20477, 0, 2, 0, 0, 0.07%, 6, 0, 2, 1535.57
1592114047, 20492, 0, 2, 0, 0, 0.07%, 6, 0, 2, 1546.21
1592114052, 20505, 1, 2, 0, 0, 0.07%, 6, 0, 2, 1431.77
1592114057, 20520, 0, 2, 0, 0, 0.07%, 6, 0, 2, 1340.00
1592114062, 20534, 0, 2, 0, 0, 0.07%, 6, 0, 2, 1391.68
1592114068, 20547, 1, 2, 0, 0, 0.07%, 6, 0, 2, 76.92
1592114073, 20562, 1, 2, 0, 0, 0.07%, 6, 0, 2, 1484.77
1592114078, 20577, 1, 2, 0, 0, 0.07%, 6, 0, 2, 1497.19
1592114083, 20591, 1, 2, 0, 0, 0.07%, 6, 0, 2, 1431.82
1592114088, 20605, 1, 2, 0, 0, 0.07%, 6, 0, 2, 349.07
1592114093, 20618, 1, 2, 0, 0, 0.07%, 6, 0, 2, 46.07
1592114098, 20633, 1, 2, 0, 0, 0.07%, 6, 0, 2, 1511.42
1592114103, 20647, 0, 2, 0, 0, 0.07%, 6, 0, 2, 232.17
1592114108, 20661, 1, 2, 0, 0, 0.07%, 6, 0, 2, 1504.93
1592114113, 20676, 1, 2, 0, 0, 0.07%, 6, 0, 2, 1501.43
1592114118, 20690, 1, 2, 0, 0, 0.07%, 6, 0, 2, 1449.52
1592114124, 20704, 1, 2, 0, 0, 0.07%, 6, 0, 2, 1413.25
1592114129, 20718, 1, 2, 0, 0, 0.07%, 6, 0, 2, 1357.94
1592114134, 20733, 0, 2, 0, 0, 0.07%, 6, 0, 2, 1526.19
1592114139, 20746, 1, 2, 0, 0, 0.07%, 6, 0, 2, 1640.00
1592114144, 20761, 1, 2, 0, 0, 0.07%, 6, 0, 2, 1572.10
1592114149, 20776, 1, 2, 0, 0, 0.07%, 6, 0, 2, 1527.76
1592114154, 20791, 0, 2, 0, 0, 0.07%, 6, 0, 2, 1442.30
1592114159, 20804, 1, 2, 0, 0, 0.07%, 6, 0, 2, 1427.75
1592114164, 20818, 1, 2, 0, 0, 0.07%, 6, 0, 2, 1462.33
1592114170, 20833, 0, 2, 0, 0, 0.07%, 6, 0, 2, 1610.87
1592114175, 20847, 0, 2, 0, 0, 0.07%, 6, 0, 2, 1621.97
1592114180, 20862, 1, 2, 0, 0, 0.07%, 6, 0, 2, 1570.52
1592114185, 20877, 1, 2, 0, 0, 0.07%, 6, 0, 2, 1559.34
1592114190, 20892, 0, 2, 0, 0, 0.07%, 6, 0, 2, 1484.79
1592114195, 20906, 0, 2, 0, 0, 0.07%, 6, 0, 2, 1436.88
1592114200, 20919, 1, 2, 0, 0, 0.07%, 6, 0, 2, 1446.96
1592114205, 20934, 0, 2, 0, 0, 0.07%, 6, 0, 2, 1480.29
1592114210, 20947, 1, 2, 0, 0, 0.07%, 6, 0, 2, 1546.55
1592114215, 20961, 1, 2, 0, 0, 0.07%, 6, 0, 2, 1430.07
1592114220, 20976, 1, 2, 0, 0, 0.07%, 6, 0, 2, 1495.66
1592114225, 20991, 0, 2, 0, 0, 0.07%, 6, 0, 2, 1501.89
1592114231, 21005, 0, 2, 0, 0, 0.07%, 6, 0, 2, 1513.51
1592114236, 21019, 0, 2, 0, 0, 0.07%, 6, 0, 2, 1636.23
1592114241, 21033, 0, 2, 0, 0, 0.07%, 6, 0, 2, 1422.45
1592114246, 21046, 1, 2, 0, 0, 0.07%, 6, 0, 2, 1419.91
1592114251, 21062, 0, 2, 0, 0, 0.07%, 6, 0, 2, 1538.71
1592114256, 21076, 1, 2, 0, 0, 0.07%, 6, 0, 2, 1508.27
